19602.363	0
19593.363	0.0003101256009
19584.363	0
19575.362	0.0003101256009
19566.362	0.0001550628004
19557.362	0
19548.362	0.0001550628004
19539.362	0
19530.362	0
19521.361	0
19512.361	0
19503.361	0.0001550628004
19494.361	0
19485.361	0
19476.361	0
19467.36	0
19458.36	0
19449.36	0
19440.36	0
19431.36	0.0001550628004
19422.36	0
19413.359	0
19404.359	0
19395.359	0.0001550628004
19386.359	0.0001550628004
19377.359	0
19368.359	0
19359.358	0
19350.358	0.0001550628004
19341.358	0
19332.358	0
19323.358	0
19314.358	0
19305.357	0
19296.357	0
19287.357	0
19278.357	0
19269.357	0.0001550628004
19260.357	0
19251.356	0
19242.356	0
19233.356	0
19224.356	0
19215.356	0
19206.356	0
19197.355	0
19188.355	0.0001550628004
19179.355	0
19170.355	0
19161.355	0.0001550628004
19152.355	0
19143.354	0
19134.354	0
19125.354	0.0001550628004
19116.354	0.0001550628004
19107.354	0
19098.354	0.0001550628004
19089.353	0.0003101256009
19080.353	0
19071.353	0.0001550628004
19062.353	0
19053.353	0
19044.353	0
19035.352	0
19026.352	0
19017.352	0.0001550628004
19008.352	0
18999.352	0
18990.352	0
18981.351	0
18972.351	0
18963.351	0
18954.351	0.0001550628004
18945.351	0.0001550628004
18936.351	0
18927.35	0
18918.35	0.0001550628004
18909.35	0.0001550628004
18900.35	0
18891.35	0
18882.35	0.0001550628004
18873.349	0
18864.349	0
18855.349	0
18846.349	0
18837.349	0
18828.349	0.0001550628004
18819.348	0.0001550628004
18810.348	0
18801.348	0
18792.348	0.0001550628004
18783.348	0
18774.348	0
18765.347	0.0001550628004
18756.347	0.0001550628004
18747.347	0
18738.347	0
18729.347	0
18720.347	0
18711.346	0
18702.346	0.0003101256009
18693.346	0
18684.346	0
18675.346	0
18666.346	0.0001550628004
18657.345	0
18648.345	0
18639.345	0
18630.345	0
18621.345	0
18612.345	0
18603.344	0
18594.344	0
18585.344	0
18576.344	0
18567.344	0.0001550628004
18558.344	0.0001550628004
18549.343	0
18540.343	0
18531.343	0
18522.343	0.0001550628004
18513.343	0.0001550628004
18504.343	0
18495.342	0
18486.342	0
18477.342	0.0001550628004
18468.342	0
18459.342	0
18450.342	0
18441.341	0
18432.341	0.0001550628004
18423.341	0
18414.341	0
18405.341	0
18396.341	0
18387.34	0
18378.34	0.0001550628004
18369.34	0
18360.34	0
18351.34	0
18342.34	0
18333.339	0.0001550628004
18324.339	0
18315.339	0
18306.339	0
18297.339	0.0001550628004
18288.339	0.0001550628004
18279.338	0
18270.338	0
18261.338	0
18252.338	0
18243.338	0.0001550628004
18234.338	0
18225.337	0.0001550628004
18216.337	0
18207.337	0.0001550628004
18198.337	0.0001550628004
18189.337	0
18180.337	0.0001550628004
18171.336	0
18162.336	0
18153.336	0
18144.336	0
18135.336	0
18126.336	0
18117.335	0
18108.335	0
18099.335	0
18090.335	0
18081.335	0.0003101256009
18072.335	0
18063.334	0
18054.334	0
18045.334	0
18036.334	0
18027.334	0
18018.334	0
18009.333	0
18000.333	0
17991.333	0
17982.333	0.0001550628004
17973.333	0
17964.333	0.0003101256009
17955.332	0.0001550628004
17946.332	0
17937.332	0
17928.332	0.0001550628004
17919.332	0
17910.332	0.0003101256009
17901.331	0
17892.331	0.0001550628004
17883.331	0
17874.331	0.0003101256009
17865.331	0
17856.331	0
17847.33	0
17838.33	0.0001550628004
17829.33	0.0001550628004
17820.33	0.0001550628004
17811.33	0
17802.33	0
17793.329	0.0001550628004
17784.329	0
17775.329	0
17766.329	0.0001550628004
17757.329	0
17748.329	0.0001550628004
17739.328	0
17730.328	0
17721.328	0
17712.328	0
17703.328	0
17694.328	0
17685.327	0
17676.327	0
17667.327	0
17658.327	0
17649.327	0
17640.327	0
17631.326	0
17622.326	0
17613.326	0
17604.326	0
17595.326	0
17586.326	0.0001550628004
17577.325	0.0001550628004
17568.325	0.0003101256009
17559.325	0
17550.325	0
17541.325	0
17532.325	0
17523.324	0
17514.324	0.0001550628004
17505.324	0
17496.324	0
17487.324	0.0001550628004
17478.324	0
17469.323	0
17460.323	0
17451.323	0.0001550628004
17442.323	0
17433.323	0
17424.323	0
17415.322	0
17406.322	0
17397.322	0
17388.322	0
17379.322	0.0001550628004
17370.322	0
17361.321	0
17352.321	0
17343.321	0.0001550628004
17334.321	0
17325.321	0
17316.321	0
17307.32	0.0001550628004
17298.32	0
17289.32	0
17280.32	0
17271.32	0
17262.32	0
17253.319	0
17244.319	0
17235.319	0.0003101256009
17226.319	0
17217.319	0
17208.319	0
17199.318	0.0001550628004
17190.318	0
17181.318	0
17172.318	0
17163.318	0
17154.318	0.0001550628004
17145.317	0
17136.317	0.0001550628004
17127.317	0.0001550628004
17118.317	0.0001550628004
17109.317	0
17100.317	0.0001550628004
17091.316	0
17082.316	0.0001550628004
17073.316	0.0001550628004
17064.316	0.0001550628004
17055.316	0.0003101256009
17046.316	0
17037.315	0
17028.315	0.0001550628004
17019.315	0.0001550628004
17010.315	0.0001550628004
17001.315	0
16992.315	0.0001550628004
16983.314	0.0001550628004
16974.314	0
16965.314	0
16956.314	0
16947.314	0.0003101256009
16938.314	0
16929.313	0.0001550628004
16920.313	0.0001550628004
16911.313	0
16902.313	0
16893.313	0
16884.313	0
16875.312	0
16866.312	0
16857.312	0.0001550628004
16848.312	0.0001550628004
16839.312	0.0001550628004
16830.312	0
16821.311	0.0001550628004
16812.311	0
16803.311	0
16794.311	0.0003101256009
16785.311	0.0003101256009
16776.311	0
16767.31	0.0001550628004
16758.31	0
16749.31	0
16740.31	0
16731.31	0.0001550628004
16722.31	0.0003101256009
16713.309	0
16704.309	0.0003101256009
16695.309	0
16686.309	0
16677.309	0
16668.309	0
16659.308	0
16650.308	0
16641.308	0
16632.308	0.0003101256009
16623.308	0
16614.308	0.0001550628004
16605.307	0
16596.307	0
16587.307	0.0003101256009
16578.307	0
16569.307	0.0004651884013
16560.307	0.0001550628004
16551.306	0
16542.306	0.0004651884013
16533.306	0
16524.306	0.0001550628004
16515.306	0.0001550628004
16506.306	0.0001550628004
16497.305	0
16488.305	0.0003101256009
16479.305	0
16470.305	0
16461.305	0
16452.305	0
16443.304	0.0001550628004
16434.304	0.0001550628004
16425.304	0.0001550628004
16416.304	0
16407.304	0.0003101256009
16398.304	0
16389.303	0
16380.303	0.0001550628004
16371.303	0.0001550628004
16362.303	0.0004651884013
16353.303	0.0001550628004
16344.303	0
16335.302	0
16326.302	0
16317.302	0.0001550628004
16308.302	0.0004651884013
16299.302	0
16290.302	0.0001550628004
16281.301	0
16272.301	0
16263.301	0.0001550628004
16254.301	0.0001550628004
16245.301	0.0004651884013
16236.301	0.0006202512017
16227.3	0.0006202512017
16218.3	0.0009303768026
16209.3	0.0001550628004
16200.3	0
16191.3	0.0009303768026
16182.3	0
16173.299	0.0003101256009
16164.299	0.0001550628004
16155.299	0.0003101256009
16146.299	0.0003101256009
16137.299	0.0004651884013
16128.299	0.0004651884013
16119.298	0.0004651884013
16110.298	0.0007753140022
16101.298	0.0004651884013
16092.298	0.0004651884013
16083.298	0.0001550628004
16074.298	0.0004651884013
16065.297	0.0003101256009
16056.297	0.0003101256009
16047.297	0.0003101256009
16038.297	0.0001550628004
16029.297	0.0004651884013
16020.297	0.0006202512017
16011.296	0.001240502403
16002.296	0.0007753140022
15993.296	0.0004651884013
15984.296	0.0004651884013
15975.296	0.0001550628004
15966.296	0.0004651884013
15957.295	0.0001550628004
15948.295	0.0004651884013
15939.295	0.0007753140022
15930.295	0.0004651884013
15921.295	0.0001550628004
15912.295	0.0001550628004
15903.294	0.0001550628004
15894.294	0
15885.294	0.0004651884013
15876.294	0.0004651884013
15867.294	0.0006202512017
15858.294	0.0001550628004
15849.293	0.0001550628004
15840.293	0.0004651884013
15831.293	0.0001550628004
15822.293	0.0007753140022
15813.293	0.0006202512017
15804.293	0.0001550628004
15795.292	0.0007753140022
15786.292	0.0004651884013
15777.292	0.0003101256009
15768.292	0.0001550628004
15759.292	0.0006202512017
15750.292	0.001395565204
15741.291	0.0004651884013
15732.291	0.0006202512017
15723.291	0.001085439603
15714.291	0.0004651884013
15705.291	0.001085439603
15696.291	0.0004651884013
15687.29	0.0007753140022
15678.29	0.0004651884013
15669.29	0.001240502403
15660.29	0.0006202512017
15651.29	0.0007753140022
15642.29	0.0001550628004
15633.289	0.0001550628004
15624.289	0.0009303768026
15615.289	0.001550628004
15606.289	0.0004651884013
15597.289	0.0009303768026
15588.289	0.001085439603
15579.288	0.0009303768026
15570.288	0.0006202512017
15561.288	0.001395565204
15552.288	0.001085439603
15543.288	0.001395565204
15534.288	0.001085439603
15525.287	0.0009303768026
15516.287	0.0006202512017
15507.287	0.001395565204
15498.287	0.0006202512017
15489.287	0.0007753140022
15480.287	0.0009303768026
15471.286	0.001550628004
15462.286	0.001395565204
15453.286	0.0009303768026
15444.286	0.0006202512017
15435.286	0.0004651884013
15426.286	0.001240502403
15417.285	0.001705690805
15408.285	0.0009303768026
15399.285	0.001240502403
15390.285	0.001705690805
15381.285	0.001240502403
15372.285	0.001550628004
15363.284	0.0001550628004
15354.284	0.002015816406
15345.284	0.0009303768026
15336.284	0.001085439603
15327.284	0.001550628004
15318.284	0.001860753605
15309.283	0.001550628004
15300.283	0.001550628004
15291.283	0.001240502403
15282.283	0.001395565204
15273.283	0.001085439603
15264.283	0.001550628004
15255.282	0.001550628004
15246.282	0.002170879206
15237.282	0.001395565204
15228.282	0.001860753605
15219.282	0.001240502403
15210.282	0.001395565204
15201.281	0.002170879206
15192.281	0.002015816406
15183.281	0.002015816406
15174.281	0.002015816406
15165.281	0.002015816406
15156.281	0.001550628004
15147.28	0.001860753605
15138.28	0.002170879206
15129.28	0.002791130408
15120.28	0.002170879206
15111.28	0.002170879206
15102.28	0.001860753605
15093.279	0.002015816406
15084.279	0.003256318809
15075.279	0.002481004807
15066.279	0.002170879206
15057.279	0.002946193208
15048.279	0.001240502403
15039.278	0.002325942007
15030.278	0.003256318809
15021.278	0.002481004807
15012.278	0.002170879206
15003.278	0.002791130408
14994.278	0.002170879206
14985.277	0.002170879206
14976.277	0.001240502403
14967.277	0.003101256009
14958.277	0.001860753605
14949.277	0.002481004807
14940.277	0.002481004807
14931.276	0.002325942007
14922.276	0.003101256009
14913.276	0.002170879206
14904.276	0.002946193208
14895.276	0.00341138161
14886.276	0.002325942007
14877.275	0.001860753605
14868.275	0.001860753605
14859.275	0.002325942007
14850.275	0.002791130408
14841.275	0.003876570011
14832.275	0.003876570011
14823.274	0.003256318809
14814.274	0.001550628004
14805.274	0.003876570011
14796.274	0.003256318809
14787.274	0.002015816406
14778.274	0.004186695612
14769.273	0.003256318809
14760.273	0.004186695612
14751.273	0.003101256009
14742.273	0.004186695612
14733.273	0.002791130408
14724.273	0.002946193208
14715.272	0.003101256009
14706.272	0.00372150721
14697.272	0.00356644441
14688.272	0.004186695612
14679.272	0.002946193208
14670.272	0.004651884013
14661.271	0.005117072414
14652.271	0.00372150721
14643.271	0.003256318809
14634.271	0.00372150721
14625.271	0.004186695612
14616.271	0.00341138161
14607.27	0.004806946813
14598.27	0.004186695612
14589.27	0.004341758412
14580.27	0.003876570011
14571.27	0.004031632811
14562.27	0.005427198015
14553.269	0.005892386416
14544.269	0.004806946813
14535.269	0.004962009614
14526.269	0.004341758412
14517.269	0.00341138161
14508.269	0.004496821213
14499.268	0.005892386416
14490.268	0.004962009614
14481.268	0.005427198015
14472.268	0.004651884013
14463.268	0.005582260816
14454.268	0.006512637618
14445.267	0.004031632811
14436.267	0.004806946813
14427.267	0.005582260816
14418.267	0.004651884013
14409.267	0.006202512017
14400.267	0.004496821213
14391.266	0.004806946813
14382.266	0.004806946813
14373.266	0.00697782602
14364.266	0.006202512017
14355.266	0.004651884013
14346.266	0.005117072414
14337.265	0.005737323616
14328.265	0.006667700419
14319.265	0.00372150721
14310.265	0.00697782602
14301.265	0.006202512017
14292.265	0.005737323616
14283.264	0.006202512017
14274.264	0.006047449217
14265.264	0.005892386416
14256.264	0.004651884013
14247.264	0.006667700419
14238.264	0.006822763219
14229.263	0.006822763219
14220.263	0.005272135215
14211.263	0.00728795162
14202.263	0.006667700419
14193.263	0.006667700419
14184.263	0.008063265623
14175.262	0.006667700419
14166.262	0.007908202822
14157.262	0.006357574818
14148.262	0.005737323616
14139.262	0.007443014421
14130.262	0.006512637618
14121.261	0.005892386416
14112.261	0.00728795162
14103.261	0.006357574818
14094.261	0.006822763219
14085.261	0.008373391223
14076.261	0.009148705226
14067.26	0.008218328423
14058.26	0.006357574818
14049.26	0.009924019228
14040.26	0.008528454024
14031.26	0.007598077221
14022.26	0.007908202822
14013.259	0.009458830826
14004.259	0.008373391223
13995.259	0.005737323616
13986.259	0.009768956427
13977.259	0.008063265623
13968.259	0.008063265623
13959.258	0.008528454024
13950.258	0.008683516824
13941.258	0.009303768026
13932.258	0.008683516824
13923.258	0.009148705226
13914.258	0.006667700419
13905.257	0.008683516824
13896.257	0.006667700419
13887.257	0.008218328423
13878.257	0.01023414483
13869.257	0.009148705226
13860.257	0.008838579625
13851.256	0.008683516824
13842.256	0.01193983563
13833.256	0.009613893627
13824.256	0.009613893627
13815.256	0.01069933323
13806.256	0.01178477283
13797.255	0.008683516824
13788.255	0.01116452163
13779.255	0.01007908203
13770.255	0.009768956427
13761.255	0.01131958443
13752.255	0.009924019228
13743.254	0.01069933323
13734.254	0.007753140022
13725.254	0.01023414483
13716.254	0.01007908203
13707.254	0.008838579625
13698.254	0.009613893627
13689.253	0.008218328423
13680.253	0.01178477283
13671.253	0.01333540084
13662.253	0.009458830826
13653.253	0.01085439603
13644.253	0.01302527524
13635.252	0.01116452163
13626.252	0.01023414483
13617.252	0.01147464723
13608.252	0.01256008684
13599.252	0.009148705226
13590.252	0.008838579625
13581.251	0.01069933323
13572.251	0.01224996123
13563.251	0.01504109164
13554.251	0.01349046364
13545.251	0.01178477283
13536.251	0.01178477283
13527.25	0.01193983563
13518.25	0.01287021244
13509.25	0.01162971003
13500.25	0.01349046364
13491.25	0.01333540084
13482.25	0.01240502403
13473.249	0.01240502403
13464.249	0.01364552644
13455.249	0.01395565204
13446.249	0.01349046364
13437.249	0.01271514964
13428.249	0.01318033804
13419.248	0.01333540084
13410.248	0.01535121724
13401.248	0.01318033804
13392.248	0.01473096604
13383.248	0.01504109164
13374.248	0.01302527524
13365.247	0.01209489843
13356.247	0.01224996123
13347.247	0.01566134284
13338.247	0.01473096604
13329.247	0.01271514964
13320.247	0.01442084044
13311.246	0.01535121724
13302.246	0.01597146844
13293.246	0.01519615444
13284.246	0.01178477283
13275.246	0.01767715925
13266.246	0.01876259885
13257.245	0.01271514964
13248.245	0.01488602884
13239.245	0.01395565204
13230.245	0.01411071484
13221.245	0.01473096604
13212.245	0.01504109164
13203.244	0.01550628004
13194.244	0.01674678245
13185.244	0.01798728485
13176.244	0.01752209645
13167.244	0.01550628004
13158.244	0.01597146844
13149.243	0.01767715925
13140.243	0.01783222205
13131.243	0.01535121724
13122.243	0.01535121724
13113.243	0.01705690805
13104.243	0.01643665685
13095.242	0.01690184525
13086.242	0.01333540084
13077.242	0.01690184525
13068.242	0.01767715925
13059.242	0.01798728485
13050.242	0.01891766165
13041.241	0.01690184525
13032.241	0.01736703365
13023.241	0.01938285005
13014.241	0.01969297566
13005.241	0.01767715925
12996.241	0.01783222205
12987.24	0.01891766165
12978.24	0.01767715925
12969.24	0.01845247325
12960.24	0.02155372926
12951.24	0.01860753605
12942.24	0.01783222205
12933.239	0.02155372926
12924.239	0.01736703365
12915.239	0.02124360366
12906.239	0.02093347806
12897.239	0.01922778725
12888.239	0.02294929446
12879.238	0.01814234765
12870.238	0.01845247325
12861.238	0.01767715925
12852.238	0.02155372926
12843.238	0.02015816406
12834.238	0.02155372926
12825.237	0.01984803846
12816.237	0.02372460847
12807.237	0.02015816406
12798.237	0.02093347806
12789.237	0.02263916886
12780.237	0.01953791285
12771.236	0.02155372926
12762.236	0.02294929446
12753.236	0.02232904326
12744.236	0.02294929446
12735.236	0.02403473407
12726.236	0.02077841526
12717.235	0.02372460847
12708.235	0.02418979687
12699.235	0.02000310126
12690.235	0.02062335246
12681.235	0.02263916886
12672.235	0.01922778725
12663.234	0.02481004807
12654.234	0.02527523647
12645.234	0.02744611568
12636.234	0.02403473407
12627.234	0.03008218328
12618.234	0.02232904326
12609.233	0.02682586448
12600.233	0.02589548767
12591.233	0.02667080167
12582.233	0.02822142968
12573.233	0.02481004807
12564.233	0.02837649248
12555.232	0.02434485967
12546.232	0.02760117848
12537.232	0.02698092728
12528.232	0.02946193208
12519.232	0.02512017367
12510.232	0.02465498527
12501.231	0.02822142968
12492.231	0.03008218328
12483.231	0.02605055047
12474.231	0.02698092728
12465.231	0.02543029927
12456.231	0.02667080167
12447.23	0.03209799969
12438.23	0.02961699488
12429.23	0.02682586448
12420.23	0.02465498527
12411.23	0.03054737169
12402.23	0.02837649248
12393.229	0.02806636688
12384.229	0.02806636688
12375.229	0.02899674368
12366.229	0.03147774849
12357.229	0.03039230889
12348.229	0.02992712048
12339.228	0.02837649248
12330.228	0.0339587533
12321.228	0.03225306249
12312.228	0.03209799969
12303.228	0.03225306249
12294.228	0.0339587533
12285.227	0.03116762289
12276.227	0.03318343929
12267.227	0.03054737169
12258.227	0.03008218328
12249.227	0.02977205768
12240.227	0.02791130408
12231.226	0.02930686928
12222.226	0.02946193208
12213.226	0.03302837649
12204.226	0.0369049465
12195.226	0.03101256009
12186.226	0.03318343929
12177.225	0.03380369049
12168.225	0.0367498837
12159.225	0.0344239417
12150.225	0.0358195069
12141.225	0.03799038611
12132.225	0.03178787409
12123.224	0.03209799969
12114.224	0.0344239417
12105.224	0.03830051171
12096.224	0.0347340673
12087.224	0.03969607691
12078.224	0.03907582571
12069.223	0.04062645371
12060.223	0.0350441929
12051.223	0.0348891301
12042.223	0.03861063731
12033.223	0.0364397581
12024.223	0.03147774849
12015.222	0.0370600093
12006.222	0.03907582571
11997.222	0.03923088851
11988.222	0.0356644441
11979.222	0.0370600093
11970.222	0.04124670492
11961.221	0.0370600093
11952.221	0.0355093813
11943.221	0.04047139091
11934.221	0.03783532331
11925.221	0.03783532331
11916.221	0.0369049465
11907.22	0.0369049465
11898.22	0.04155683052
11889.22	0.03799038611
11880.22	0.04093657931
11871.22	0.04186695612
11862.22	0.0358195069
11853.219	0.04109164212
11844.219	0.04016126531
11835.219	0.04217708172
11826.219	0.03923088851
11817.219	0.03985113971
11808.219	0.04248720732
11799.218	0.04372770972
11790.218	0.04760427973
11781.218	0.03923088851
11772.218	0.04713909133
11763.218	0.04419289812
11754.218	0.04140176772
11745.217	0.04372770972
11736.217	0.04605365173
11727.217	0.04202201892
11718.217	0.04186695612
11709.217	0.04837959374
11700.217	0.04527833773
11691.216	0.04295239572
11682.216	0.04729415413
11673.216	0.04403783532
11664.216	0.04744921693
11655.216	0.04403783532
11646.216	0.04667390293
11637.215	0.04589858893
11628.215	0.04434796092
11619.215	0.04760427973
11610.215	0.04822453094
11601.215	0.04744921693
11592.215	0.04729415413
11583.214	0.05117072414
11574.214	0.04713909133
11565.214	0.04993022174
11556.214	0.05148084974
11547.214	0.04853465654
11538.214	0.04806946813
11529.213	0.05008528454
11520.213	0.05318654055
11511.213	0.04930997054
11502.213	0.04822453094
11493.213	0.04962009614
11484.213	0.04791440533
11475.212	0.04899984494
11466.212	0.04775934253
11457.212	0.04806946813
11448.212	0.05179097535
11439.212	0.05210110095
11430.212	0.05163591254
11421.211	0.05318654055
11412.211	0.05380679175
11403.211	0.05117072414
11394.211	0.05256628935
11385.211	0.05597767096
11376.211	0.04930997054
11367.21	0.04760427973
11358.21	0.05163591254
11349.21	0.05225616375
11340.21	0.05814855016
11331.21	0.05241122655
11322.21	0.05504729415
11313.209	0.05675298496
11304.209	0.05659792216
11295.209	0.05892386416
11286.209	0.05892386416
11277.209	0.05613273376
11268.209	0.06000930377
11259.208	0.05799348736
11250.208	0.05442704295
11241.208	0.05706311056
11232.208	0.06078461777
11223.208	0.05427198015
11214.208	0.06109474337
11205.207	0.05721817336
11196.207	0.06171499457
11187.207	0.05783842456
11178.207	0.05659792216
11169.207	0.06047449217
11160.207	0.06140486897
11151.206	0.05737323616
11142.206	0.06528143898
11133.206	0.05907892697
11124.206	0.06000930377
11115.206	0.06062955497
11106.206	0.05783842456
11097.205	0.05954411537
11088.205	0.06047449217
11079.205	0.06652194139
11070.205	0.05876880136
11061.205	0.06822763219
11052.205	0.06155993177
11043.204	0.06187005737
11034.204	0.06714219259
11025.204	0.06481625058
11016.204	0.06683206699
11007.204	0.06776244379
10998.204	0.06838269499
10989.203	0.05830361296
10980.203	0.06884788339
10971.203	0.06326562258
10962.203	0.06388587378
10953.203	0.06155993177
10944.203	0.06683206699
10935.202	0.06543650178
10926.202	0.06962319739
10917.202	0.06481625058
10908.202	0.06466118778
10899.202	0.06853775779
10890.202	0.06884788339
10881.201	0.0719491394
10872.201	0.06807256939
10863.201	0.071483951
10854.201	0.0727244534
10845.201	0.072259265
10836.201	0.0708636998
10827.2	0.07489533261
10818.2	0.0716390138
10809.2	0.06900294619
10800.2	0.0727244534
10791.2	0.0702434486
10782.2	0.07334470461
10773.199	0.0719491394
10764.199	0.07380989301
10755.199	0.07660102341
10746.199	0.07458520701
10737.199	0.07505039541
10728.199	0.0728795162
10719.198	0.07443014421
10710.198	0.07954721662
10701.198	0.07691114902
10692.198	0.07629089781
10683.198	0.0716390138
10674.198	0.08001240502
10665.197	0.07443014421
10656.197	0.07799658862
10647.197	0.07706621182
10638.197	0.08001240502
10629.197	0.07722127462
10620.197	0.07691114902
10611.196	0.07489533261
10602.196	0.07706621182
10593.196	0.08094278183
10584.196	0.07768646302
10575.196	0.08032253062
10566.196	0.07970227942
10557.195	0.08357884943
10548.195	0.07861683982
10539.195	0.08171809583
10530.195	0.08326872383
10521.195	0.08202822143
10512.195	0.08683516824
10503.194	0.08264847263
10494.194	0.08543960304
10485.194	0.08047759343
10476.194	0.07799658862
10467.194	0.08450922624
10458.194	0.08652504264
10449.193	0.08714529384
10440.193	0.08543960304
10431.193	0.08730035664
10422.193	0.08792060785
10413.193	0.08466428904
10404.193	0.08807567065
10395.192	0.09241742906
10386.192	0.08264847263
10377.192	0.08854085905
10368.192	0.08916111025
10359.192	0.08978136145
10350.192	0.08714529384
10341.191	0.09055667545
10332.191	0.09210730346
10323.191	0.09241742906
10314.191	0.08993642425
10305.191	0.08838579625
10296.191	0.09691425027
10287.19	0.09458830826
10278.19	0.09443324546
10269.19	0.08900604745
10260.19	0.09164211506
10251.19	0.08528454024
10242.19	0.09582881067
10233.189	0.09722437587
10224.189	0.09970538068
10215.189	0.09226236626
10206.189	0.09830981548
10197.189	0.09753450147
10188.189	0.09799968987
10179.188	0.09505349667
10170.188	0.08931617305
10161.188	0.09737943867
10152.188	0.09536362227
10143.188	0.1062180183
10134.188	0.1001705691
10125.187	0.1018762599
10116.187	0.1014110715
10107.187	0.09861994108
10098.187	0.09924019228
10089.187	0.1046673903
10080.187	0.1032718251
10071.186	0.09877500388
10062.186	0.09520855947
10053.186	0.1054427043
10044.186	0.09505349667
10035.186	0.1052876415
10026.186	0.09644906187
10017.185	0.09799968987
10008.185	0.1073034579
9999.185	0.1091642115
9990.185	0.09768956427
9981.185	0.1001705691
9972.185	0.1090091487
9963.184	0.1079237091
9954.184	0.1048224531
9945.184	0.1007908203
9936.184	0.1158319119
9927.184	0.1026515739
9918.184	0.1100945883
9909.183	0.1083888975
9900.183	0.1099395255
9891.183	0.1094743371
9882.183	0.1119553419
9873.183	0.1113350907
9864.183	0.1088540859
9855.182	0.1108699023
9846.182	0.1124205303
9837.182	0.1124205303
9828.182	0.1104047139
9819.182	0.1150565979
9810.182	0.1113350907
9801.181	0.1200186075
9792.181	0.1121104047
9783.181	0.1200186075
9774.181	0.1166072259
9765.181	0.1131958443
9756.181	0.1186230423
9747.18	0.1138160955
9738.18	0.1141262211
9729.18	0.1136610327
9720.18	0.1193983563
9711.18	0.1173825399
9702.18	0.1183129167
9693.179	0.1269964336
9684.179	0.1200186075
9675.179	0.1138160955
9666.179	0.1138160955
9657.179	0.1200186075
9648.179	0.1234299891
9639.178	0.1235850519
9630.178	0.1248255543
9621.178	0.126686308
9612.178	0.1204837959
9603.178	0.125910994
9594.178	0.1214141727
9585.177	0.1307179408
9576.177	0.1276166848
9567.177	0.1152116607
9558.177	0.1288571872
9549.177	0.1221894867
9540.177	0.1209489843
9531.176	0.1307179408
9522.176	0.1246704915
9513.176	0.1257559312
9504.176	0.1322685688
9495.176	0.1265312452
9486.176	0.1269964336
9477.175	0.127461622
9468.175	0.126686308
9459.175	0.128236936
9450.175	0.1400217088
9441.175	0.135214762
9432.175	0.1311831292
9423.174	0.1347495736
9414.174	0.1366103272
9405.174	0.129787564
9396.174	0.1322685688
9387.174	0.1373856412
9378.174	0.1339742596
9369.173	0.1373856412
9360.173	0.1361451388
9351.173	0.1386261436
9342.173	0.1446735928
9333.173	0.1369204528
9324.173	0.1353698248
9315.172	0.1392463948
9306.172	0.13288882
9297.172	0.1364552644
9288.172	0.1454489068
9279.172	0.1380058924
9270.172	0.1448286556
9261.171	0.1411071484
9252.171	0.137540704
9243.171	0.1446735928
9234.171	0.1415723368
9225.171	0.1349046364
9216.171	0.1333540084
9207.17	0.14451853
9198.17	0.1386261436
9189.17	0.1428128392
9180.17	0.1426577764
9171.17	0.141417274
9162.17	0.1420375252
9153.169	0.1479299116
9144.169	0.1401767716
9135.169	0.1431229648
9126.169	0.1483951
9117.169	0.1370755156
9108.169	0.1415723368
9099.168	0.1449837184
9090.168	0.146844472
9081.168	0.1490153512
9072.168	0.154597612
9063.168	0.1516514188
9054.168	0.1496356024
9045.167	0.1533571096
9036.167	0.1493254768
9027.167	0.1425027136
9018.167	0.153822298
9009.167	0.1547526748
9000.167	0.1521166072
8991.166	0.1397115832
8982.166	0.1370755156
8973.166	0.153822298
8964.166	0.1559931772
8955.166	0.1528919212
8946.166	0.149170414
8937.165	0.15227167
8928.165	0.1511862304
8919.165	0.1480849744
8910.165	0.153822298
8901.165	0.1589393704
8892.165	0.1547526748
8883.164	0.1533571096
8874.164	0.1511862304
8865.164	0.1480849744
8856.164	0.1496356024
8847.164	0.157698868
8838.164	0.1614203753
8829.163	0.1604899984
8820.163	0.1563033028
8811.163	0.155372926
8802.163	0.1469995348
8793.163	0.1471545976
8784.163	0.1549077376
8775.162	0.1564583656
8766.162	0.157698868
8757.162	0.1573887424
8748.162	0.1525817956
8739.162	0.1674678245
8730.162	0.1493254768
8721.161	0.1513412932
8712.161	0.157698868
8703.161	0.1563033028
8694.161	0.1621956893
8685.161	0.1586292448
8676.161	0.1549077376
8667.16	0.1635912545
8658.16	0.1631260661
8649.16	0.1510311676
8640.16	0.153822298
8631.16	0.1618855637
8622.16	0.1524267328
8613.159	0.1516514188
8604.159	0.1563033028
8595.159	0.1542874864
8586.159	0.1573887424
8577.159	0.1544425492
8568.159	0.156923554
8559.158	0.151496356
8550.158	0.1532020468
8541.158	0.1586292448
8532.158	0.1581640564
8523.158	0.1578539308
8514.158	0.1612653125
8505.157	0.1598697472
8496.157	0.1457590324
8487.157	0.1632811289
8478.157	0.1594045588
8469.157	0.1649868197
8460.157	0.1603349356
8451.156	0.1583191192
8442.156	0.1513412932
8433.156	0.1578539308
8424.156	0.1570786168
8415.156	0.1587843076
8406.156	0.1621956893
8397.155	0.1612653125
8388.155	0.1556830516
8379.155	0.1606450612
8370.155	0.1618855637
8361.155	0.1609551869
8352.155	0.1676228873
8343.154	0.157698868
8334.154	0.1601798728
8325.154	0.1583191192
8316.154	0.1611102497
8307.154	0.1609551869
8298.154	0.157698868
8289.153	0.154597612
8280.153	0.1559931772
8271.153	0.15614824
8262.153	0.1626608777
8253.153	0.1652969453
8244.153	0.1674678245
8235.152	0.1629710033
8226.152	0.1673127617
8217.152	0.1649868197
8208.152	0.1640564429
8199.152	0.1598697472
8190.152	0.1550628004
8181.151	0.1583191192
8172.151	0.159249496
8163.151	0.157698868
8154.151	0.1573887424
8145.151	0.1587843076
8136.151	0.1594045588
8127.15	0.1566134284
8118.15	0.1594045588
8109.15	0.1654520081
8100.15	0.157698868
8091.15	0.1688633897
8082.15	0.1601798728
8073.149	0.1581640564
8064.149	0.1643665685
8055.149	0.1542874864
8046.149	0.1648317569
8037.149	0.1635912545
8028.149	0.1601798728
8019.148	0.1594045588
8010.148	0.1645216313
8001.148	0.1578539308
7992.148	0.1572336796
7983.148	0.153822298
7974.148	0.1637463173
7965.147	0.1606450612
7956.147	0.1645216313
7947.147	0.1711893317
7938.147	0.1673127617
7929.147	0.1707241433
7920.147	0.1631260661
7911.146	0.1702589549
7902.146	0.1566134284
7893.146	0.1597146844
7884.146	0.1670026361
7875.146	0.1631260661
7866.146	0.1594045588
7857.145	0.1631260661
7848.145	0.1521166072
7839.145	0.1645216313
7830.145	0.154597612
7821.145	0.1634361917
7812.145	0.15227167
7803.144	0.1601798728
7794.144	0.1594045588
7785.144	0.1625058149
7776.144	0.1676228873
7767.144	0.1581640564
7758.144	0.1611102497
7749.143	0.1617305009
7740.143	0.1595596216
7731.143	0.159249496
7722.143	0.1573887424
7713.143	0.1539773608
7704.143	0.1621956893
7695.142	0.1625058149
7686.142	0.1535121724
7677.142	0.153046984
7668.142	0.1659171965
7659.142	0.1609551869
7650.142	0.1469995348
7641.141	0.1628159405
7632.141	0.1621956893
7623.141	0.1595596216
7614.141	0.1676228873
7605.141	0.1632811289
7596.141	0.15614824
7587.14	0.1666925105
7578.14	0.1687083269
7569.14	0.1710342689
7560.14	0.159249496
7551.14	0.154597612
7542.14	0.156923554
7533.139	0.1628159405
7524.139	0.1587843076
7515.139	0.1573887424
7506.139	0.157698868
7497.139	0.1642115057
7488.139	0.1648317569
7479.138	0.150721042
7470.138	0.1786323461
7461.138	0.1598697472
7452.138	0.1676228873
7443.138	0.1573887424
7434.138	0.1606450612
7425.137	0.1589393704
7416.137	0.1660722593
7407.137	0.1563033028
7398.137	0.1719646457
7389.137	0.1696387037
7380.137	0.1741355249
7371.136	0.1707241433
7362.136	0.1632811289
7353.136	0.1666925105
7344.136	0.1670026361
7335.136	0.1657621337
7326.136	0.1632811289
7317.135	0.1697937665
7308.135	0.1609551869
7299.135	0.1671576989
7290.135	0.1625058149
7281.135	0.1674678245
7272.135	0.154597612
7263.134	0.153822298
7254.134	0.1673127617
7245.134	0.1625058149
7236.134	0.1654520081
7227.134	0.1505659792
7218.134	0.1587843076
7209.133	0.153822298
7200.133	0.1688633897
7191.133	0.1552178632
7182.133	0.1642115057
7173.133	0.1654520081
7164.133	0.1656070709
7155.132	0.1573887424
7146.132	0.1651418825
7137.132	0.1621956893
7128.132	0.1676228873
7119.132	0.1535121724
7110.132	0.1660722593
7101.131	0.1654520081
7092.131	0.1611102497
7083.131	0.1694836409
7074.131	0.1640564429
7065.131	0.1693285781
7056.131	0.1662273221
7047.13	0.1732051481
7038.13	0.1570786168
7029.13	0.1594045588
7020.13	0.1659171965
7011.13	0.1739804621
7002.13	0.1528919212
6993.129	0.1643665685
6984.129	0.1699488293
6975.129	0.1673127617
6966.129	0.1693285781
6957.129	0.1693285781
6948.129	0.1701038921
6939.128	0.1646766941
6930.128	0.1663823849
6921.128	0.1696387037
6912.128	0.1798728485
6903.128	0.1716545201
6894.128	0.1694836409
6885.127	0.1665374477
6876.127	0.1682431385
6867.127	0.1666925105
6858.127	0.1656070709
6849.127	0.1683982013
6840.127	0.1823538533
6831.126	0.1654520081
6822.126	0.1634361917
6813.126	0.1746007133
6804.126	0.1753760273
6795.126	0.1674678245
6786.126	0.1691735153
6777.125	0.1724298341
6768.125	0.1789424717
6759.125	0.1769266553
6750.125	0.1635912545
6741.125	0.1637463173
6732.125	0.1704140177
6723.124	0.1707241433
6714.124	0.1702589549
6705.124	0.1733602109
6696.124	0.1718095829
6687.124	0.1759962785
6678.124	0.1739804621
6669.123	0.1671576989
6660.123	0.1786323461
6651.123	0.1642115057
6642.123	0.1821987905
6633.123	0.1823538533
6624.123	0.1770817181
6615.122	0.1716545201
6606.122	0.1874709257
6597.122	0.1668475733
6588.122	0.1688633897
6579.122	0.1711893317
6570.122	0.1711893317
6561.121	0.1769266553
6552.121	0.1662273221
6543.121	0.1763064041
6534.121	0.1797177857
6525.121	0.1666925105
6516.121	0.1704140177
6507.12	0.1837494185
6498.12	0.1752209645
6489.12	0.1835943557
6480.12	0.1752209645
6471.12	0.1778570321
6462.12	0.1735152737
6453.119	0.1766165297
6444.119	0.1808032253
6435.119	0.1787874089
6426.119	0.1710342689
6417.119	0.1800279113
6408.119	0.1693285781
6399.118	0.1808032253
6390.118	0.1710342689
6381.118	0.1795627229
6372.118	0.1798728485
6363.118	0.1716545201
6354.118	0.1780120949
6345.117	0.1679330129
6336.117	0.1719646457
6327.117	0.1812684137
6318.117	0.1752209645
6309.117	0.1752209645
6300.117	0.1818886649
6291.116	0.1727399597
6282.116	0.1778570321
6273.116	0.1851449837
6264.116	0.1801829741
6255.116	0.1691735153
6246.116	0.1837494185
6237.115	0.1735152737
6228.115	0.1815785393
6219.115	0.1747557761
6210.115	0.1845247325
6201.115	0.1848348581
6192.115	0.1821987905
6183.114	0.1809582881
6174.114	0.1786323461
6165.114	0.1823538533
6156.114	0.1846797953
6147.114	0.1736703365
6138.114	0.1818886649
6129.113	0.1866956117
6120.113	0.1746007133
6111.113	0.1834392929
6102.113	0.1759962785
6093.113	0.1763064041
6084.113	0.1871608001
6075.112	0.1941386261
6066.112	0.1696387037
6057.112	0.1899519305
6048.112	0.1795627229
6039.112	0.1828190417
6030.112	0.1896418049
6021.111	0.1885563653
6012.111	0.1744456505
6003.111	0.1865405489
5994.111	0.1795627229
5985.111	0.1789424717
5976.111	0.1778570321
5967.11	0.1804930997
5958.11	0.1866956117
5949.11	0.1860753605
5940.11	0.1888664909
5931.11	0.1916576213
5922.11	0.1777019693
5913.109	0.1808032253
5904.109	0.1803380369
5895.109	0.1896418049
5886.109	0.1787874089
5877.109	0.1811133509
5868.109	0.1865405489
5859.108	0.1831291673
5850.108	0.1739804621
5841.108	0.1750659017
5832.108	0.1818886649
5823.108	0.1828190417
5814.108	0.1769266553
5805.107	0.1761513413
5796.107	0.1758412157
5787.107	0.1783222205
5778.107	0.1798728485
5769.107	0.1787874089
5760.107	0.1877810513
5751.106	0.1921228097
5742.106	0.1862304233
5733.106	0.1842146069
5724.106	0.1806481625
5715.106	0.1815785393
5706.106	0.1769266553
5697.105	0.1744456505
5688.105	0.1691735153
5679.105	0.1922778725
5670.105	0.1682431385
5661.105	0.1784772833
5652.105	0.1846797953
5643.104	0.1811133509
5634.104	0.1795627229
5625.104	0.1746007133
5616.104	0.1826639789
5607.104	0.1792525973
5598.104	0.1758412157
5589.103	0.1831291673
5580.103	0.1834392929
5571.103	0.1930531865
5562.103	0.1794076601
5553.103	0.1806481625
5544.103	0.1835943557
5535.102	0.1897968677
5526.102	0.1877810513
5517.102	0.1814234765
5508.102	0.1752209645
5499.102	0.1789424717
5490.102	0.1857652349
5481.101	0.1823538533
5472.101	0.1753760273
5463.101	0.1811133509
5454.101	0.1749108389
5445.101	0.1795627229
5436.101	0.1750659017
5427.1	0.1843696697
5418.1	0.1843696697
5409.1	0.1777019693
5400.1	0.1775469065
5391.1	0.1719646457
5382.1	0.1789424717
5373.099	0.1814234765
5364.099	0.1742905877
5355.099	0.1803380369
5346.099	0.1809582881
5337.099	0.1854551093
5328.099	0.1868506745
5319.098	0.1783222205
5310.098	0.1711893317
5301.098	0.1769266553
5292.098	0.1888664909
5283.098	0.1829741045
5274.098	0.1800279113
5265.097	0.1842146069
5256.097	0.1840595441
5247.097	0.1733602109
5238.097	0.1728950225
5229.097	0.1842146069
5220.097	0.1772367809
5211.096	0.1688633897
5202.096	0.1786323461
5193.096	0.1761513413
5184.096	0.1800279113
5175.096	0.1773918437
5166.096	0.1764614669
5157.095	0.1809582881
5148.095	0.1648317569
5139.095	0.1806481625
5130.095	0.1829741045
5121.095	0.1767715925
5112.095	0.1860753605
5103.094	0.1742905877
5094.094	0.1759962785
5085.094	0.1699488293
5076.094	0.1742905877
5067.094	0.1761513413
5058.094	0.1735152737
5049.093	0.1736703365
5040.093	0.1718095829
5031.093	0.1763064041
5022.093	0.1839044813
5013.093	0.1763064041
5004.093	0.1746007133
4995.092	0.1732051481
4986.092	0.1713443945
4977.092	0.1759962785
4968.092	0.1713443945
4959.092	0.1648317569
4950.092	0.1701038921
4941.091	0.1763064041
4932.091	0.1718095829
4923.091	0.1815785393
4914.091	0.1694836409
4905.091	0.1786323461
4896.091	0.1769266553
4887.09	0.1693285781
4878.09	0.1701038921
4869.09	0.1747557761
4860.09	0.1839044813
4851.09	0.1753760273
4842.09	0.1767715925
4833.089	0.1749108389
4824.089	0.1783222205
4815.089	0.1773918437
4806.089	0.1621956893
4797.089	0.1733602109
4788.089	0.1742905877
4779.088	0.1733602109
4770.088	0.1697937665
4761.088	0.1640564429
4752.088	0.1618855637
4743.088	0.1631260661
4734.088	0.1713443945
4725.087	0.1634361917
4716.087	0.1668475733
4707.087	0.1680880757
4698.087	0.1719646457
4689.087	0.1640564429
4680.087	0.1663823849
4671.086	0.1626608777
4662.086	0.1566134284
4653.086	0.1659171965
4644.086	0.1663823849
4635.086	0.1687083269
4626.086	0.1618855637
4617.085	0.1611102497
4608.085	0.159249496
4599.085	0.158474182
4590.085	0.1618855637
4581.085	0.1539773608
4572.085	0.1642115057
4563.084	0.157698868
4554.084	0.1620406265
4545.084	0.1614203753
4536.084	0.1528919212
4527.084	0.1465343464
4518.084	0.1558381144
4509.083	0.1566134284
4500.083	0.1519615444
4491.083	0.1544425492
4482.083	0.1634361917
4473.083	0.1559931772
4464.083	0.1521166072
4455.082	0.1473096604
4446.082	0.1440533416
4437.082	0.1442084044
4428.082	0.1407970228
4419.082	0.13676539
4410.082	0.1395565204
4401.081	0.1397115832
4392.081	0.1356799504
4383.081	0.146844472
4374.081	0.1448286556
4365.081	0.1411071484
4356.081	0.1342843852
4347.08	0.1355248876
4338.08	0.1339742596
4329.08	0.131338192
4320.08	0.1456039696
4311.08	0.1330438828
4302.08	0.130562878
4293.079	0.130562878
4284.079	0.1373856412
4275.079	0.1339742596
4266.079	0.1376957668
4257.079	0.138316018
4248.079	0.1221894867
4239.078	0.1355248876
4230.078	0.132113506
4221.078	0.1268413708
4212.078	0.1232749263
4203.078	0.1252907428
4194.078	0.1302527524
4185.077	0.1246704915
4176.077	0.1242053031
4167.077	0.1246704915
4158.077	0.1170724143
4149.077	0.1204837959
4140.077	0.1207939215
4131.076	0.1155217863
4122.076	0.1147464723
4113.076	0.1139711583
4104.076	0.1085439603
4095.076	0.1108699023
4086.076	0.1175376027
4077.075	0.1139711583
4068.075	0.1176926655
4059.075	0.1124205303
4050.075	0.1073034579
4041.075	0.1111800279
4032.075	0.1102496511
4023.074	0.1077686463
4014.074	0.1071483951
4005.074	0.1100945883
3996.074	0.1046673903
3987.074	0.1111800279
3978.074	0.1043572647
3969.073	0.1029616995
3960.073	0.1043572647
3951.073	0.1018762599
3942.073	0.1014110715
3933.073	0.1035819507
3924.073	0.09505349667
3915.072	0.1024965111
3906.072	0.09629399907
3897.072	0.09784462707
3888.072	0.09195224066
3879.072	0.09086680105
3870.072	0.09195224066
3861.071	0.08823073345
3852.071	0.09303768026
3843.071	0.09148705226
3834.071	0.09381299426
3825.071	0.09024654985
3816.071	0.08280353543
3807.07	0.09009148705
3798.07	0.08869592185
3789.07	0.08295859823
3780.07	0.09055667545
3771.07	0.08388897503
3762.07	0.09009148705
3753.069	0.08683516824
3744.069	0.08466428904
3735.069	0.08776554505
3726.069	0.08714529384
3717.069	0.08714529384
3708.069	0.08652504264
3699.068	0.08326872383
3690.068	0.08171809583
3681.068	0.08032253062
3672.068	0.08311366103
3663.068	0.08140797023
3654.068	0.08481935184
3645.067	0.07753140022
3636.067	0.07939215382
3627.067	0.0700883858
3618.067	0.07458520701
3609.067	0.07846177702
3600.067	0.08156303303
3591.066	0.07582570941
3582.066	0.07768646302
3573.066	0.07675608621
3564.066	0.07753140022
3555.066	0.07443014421
3546.066	0.06931307179
3537.065	0.07768646302
3528.065	0.07427508141
3519.065	0.07349976741
3510.065	0.07474026981
3501.065	0.0719491394
3492.065	0.0702434486
3483.064	0.0727244534
3474.064	0.06776244379
3465.064	0.07846177702
3456.064	0.071483951
3447.064	0.0731896418
3438.064	0.06962319739
3429.063	0.07536052101
3420.063	0.07582570941
3411.063	0.06590169018
3402.063	0.0713288882
3393.063	0.07675608621
3384.063	0.06776244379
3375.062	0.0705535742
3366.062	0.07629089781
3357.062	0.073034579
3348.062	0.06931307179
3339.062	0.069933323
3330.062	0.07349976741
3321.061	0.071483951
3312.061	0.0711738254
3303.061	0.06450612498
3294.061	0.06946813459
3285.061	0.0705535742
3276.061	0.0719491394
3267.06	0.06466118778
3258.06	0.0697782602
3249.06	0.06760738099
3240.06	0.06838269499
3231.06	0.06016436657
3222.06	0.0697782602
3213.059	0.06807256939
3204.059	0.06714219259
3195.059	0.06435106218
3186.059	0.0724143278
3177.059	0.0717940766
3168.059	0.0705535742
3159.058	0.0713288882
3150.058	0.0716390138
3141.058	0.0716390138
3132.058	0.07458520701
3123.058	0.06481625058
3114.058	0.06714219259
3105.057	0.05830361296
3096.057	0.06326562258
3087.057	0.07892696542
3078.057	0.06884788339
3069.057	0.06962319739
3060.057	0.06373081098
3051.056	0.06807256939
3042.056	0.06652194139
3033.056	0.06698712979
3024.056	0.06745231819
3015.056	0.06621181579
3006.056	0.06559156458
2997.055	0.06915800899
2988.055	0.072259265
2979.055	0.06652194139
2970.055	0.07908202822
2961.055	0.06822763219
2952.055	0.0717940766
2943.054	0.0727244534
2934.054	0.06915800899
2925.054	0.0711738254
2916.054	0.0711738254
2907.054	0.073034579
2898.054	0.0716390138
2889.053	0.07830671422
2880.053	0.07489533261
2871.053	0.07567064661
2862.053	0.0727244534
2853.053	0.07799658862
2844.053	0.08140797023
2835.052	0.07908202822
2826.052	0.07489533261
2817.052	0.08264847263
2808.052	0.08218328423
2799.052	0.08652504264
2790.052	0.08978136145
2781.051	0.08916111025
2772.051	0.08202822143
2763.051	0.08869592185
2754.051	0.09536362227
2745.051	0.08699023104
2736.051	0.09520855947
2727.05	0.09179717786
2718.05	0.09722437587
2709.05	0.1006357575
2700.05	0.1018762599
2691.05	0.1011009459
2682.05	0.1113350907
2673.049	0.1051325787
2664.049	0.1125755931
2655.049	0.1192432935
2646.049	0.1195534191
2637.049	0.1193983563
2628.049	0.1228097379
2619.048	0.1319584432
2610.048	0.1262211196
2601.048	0.1434330904
2592.048	0.1331989456
2583.048	0.142192588
2574.048	0.1524267328
2565.047	0.1547526748
2556.047	0.1586292448
2547.047	0.157698868
2538.047	0.1758412157
2529.047	0.1566134284
2520.047	0.1839044813
2511.046	0.1939835633
2502.046	0.201271515
2493.046	0.1930531865
2484.046	0.2023569546
2475.046	0.2158474182
2466.046	0.2194138626
2457.045	0.2141417274
2448.045	0.2273220654
2439.045	0.2327492635
2430.045	0.2411226547
2421.045	0.2580244999
2412.045	0.2533726159
2403.044	0.2632966351
2394.044	0.2736858428
2385.044	0.2690339588
2376.044	0.2971003256
2367.044	0.2800434176
2358.044	0.2908978136
2349.043	0.2969452628
2340.043	0.2958598232
2331.043	0.3068692821
2322.043	0.3211350597
2313.043	0.3248565669
2304.043	0.3305938905
2295.042	0.341138161
2286.042	0.3423786634
2277.042	0.3231508761
2268.042	0.3388122189
2259.042	0.3349356489
2250.042	0.3492014266
2241.041	0.3498216778
2232.041	0.3385020933
2223.041	0.3315242673
2214.041	0.3433090402
2205.041	0.3402077842
2196.041	0.3451697938
2187.04	0.3431539774
2178.04	0.3414482866
2169.04	0.3392774073
2160.04	0.340362847
2151.04	0.3433090402
2142.04	0.3398976586
2133.039	0.3341603349
2124.039	0.3361761513
2115.039	0.3223755621
2106.039	0.3158629245
2097.039	0.3009768956
2088.039	0.3101256009
2079.038	0.3002015816
2070.038	0.2963250116
2061.038	0.2831446736
2052.038	0.2648472631
2043.038	0.272755466
2034.038	0.2784927896
2025.037	0.2741510312
2016.037	0.2707396496
2007.037	0.2601953791
1998.037	0.2589548767
1989.037	0.2612808187
1980.037	0.2369359591
1971.036	0.2479454179
1962.036	0.2384865871
1953.036	0.2319739494
1944.036	0.2313536982
1935.036	0.2308885098
1926.036	0.2116607226
1917.035	0.2015816406
1908.035	0.209799969
1899.035	0.2104202202
1890.035	0.2102651574
1881.035	0.2029772058
1872.035	0.2037525198
1863.034	0.1995658242
1854.034	0.2119708482
1845.034	0.1925879981
1836.034	0.2008063266
1827.034	0.205148085
1818.034	0.2107303458
1809.033	0.1933633121
1800.033	0.200496201
1791.033	0.1834392929
1782.033	0.2017367034
1773.033	0.1938285005
1764.033	0.1904171189
1755.032	0.1853000465
1746.032	0.1890215537
1737.032	0.1863854861
1728.032	0.1947588773
1719.032	0.1991006358
1710.032	0.2006512638
1701.031	0.1885563653
1692.031	0.1953791285
1683.031	0.2015816406
1674.031	0.1935183749
1665.031	0.1839044813
1656.031	0.1980151962
1647.03	0.202046829
1638.03	0.1959993797
1629.03	0.2073189642
1620.03	0.1863854861
1611.03	0.2042177082
1602.03	0.1972398822
1593.029	0.1975500078
1584.029	0.1874709257
1575.029	0.2015816406
1566.029	0.2071639014
1557.029	0.1986354474
1548.029	0.2001860754
1539.028	0.2071639014
1530.028	0.2107303458
1521.028	0.205923399
1512.028	0.2053031478
1503.028	0.205148085
1494.028	0.2046828966
1485.027	0.2172429834
1476.027	0.2173980462
1467.027	0.2153822298
1458.027	0.217553109
1449.027	0.2170879206
1440.027	0.2243758722
1431.026	0.2170879206
1422.026	0.213676539
1413.026	0.2181733602
1404.026	0.201271515
1395.026	0.2122809738
1386.026	0.2184834858
1377.025	0.225306249
1368.025	0.202822143
1359.025	0.209024655
1350.025	0.199720887
1341.025	0.196619631
1332.025	0.2003411382
1323.024	0.1925879981
1314.024	0.1950690029
1305.024	0.1870057373
1296.024	0.1928981237
1287.024	0.1928981237
1278.024	0.1797177857
1269.023	0.1649868197
1260.023	0.1626608777
1251.023	0.1603349356
1242.023	0.1572336796
1233.023	0.1513412932
1224.023	0.1527368584
1215.022	0.138316018
1206.022	0.1403318344
1197.022	0.1302527524
1188.022	0.12513568
1179.022	0.1338191968
1170.022	0.1249806171
1161.021	0.1217242983
1152.021	0.1234299891
1143.021	0.1124205303
1134.021	0.1100945883
1125.021	0.1021863855
1116.021	0.1021863855
1107.02	0.09427818266
1098.02	0.08916111025
1089.02	0.08357884943
1080.02	0.08792060785
1071.02	0.08264847263
1062.02	0.08171809583
1053.019	0.08435416344
1044.019	0.07861683982
1035.019	0.072259265
1026.019	0.07551558381
1017.019	0.0731896418
1008.019	0.0713288882
999.018	0.06280043418
990.018	0.06062955497
981.018	0.06497131338
972.018	0.06171499457
963.018	0.05768336176
954.018	0.05566754536
945.017	0.05551248256
936.017	0.05241122655
927.017	0.05117072414
918.017	0.05442704295
909.017	0.05396185455
900.017	0.05241122655
891.016	0.06000930377
882.016	0.04853465654
873.016	0.05055047294
864.016	0.05024034734
855.016	0.05179097535
846.016	0.05318654055
837.015	0.05194603815
828.015	0.05318654055
819.015	0.05628779656
810.015	0.04884478214
801.015	0.05613273376
792.015	0.05566754536
783.014	0.05458210575
774.014	0.05659792216
765.014	0.05706311056
756.014	0.05504729415
747.014	0.05132578694
738.014	0.05907892697
729.013	0.04574352613
720.013	0.05427198015
711.013	0.05752829896
702.013	0.05179097535
693.013	0.05737323616
684.013	0.05535741976
675.012	0.05396185455
666.012	0.05489223135
657.012	0.05086059854
648.012	0.05194603815
639.012	0.05287641495
630.012	0.05148084974
621.011	0.05334160335
612.011	0.05070553574
603.011	0.04915490774
594.011	0.05349666615
585.011	0.05520235695
576.011	0.05737323616
567.01	0.05845867576
558.01	0.06047449217
549.01	0.05566754536
540.01	0.05907892697
531.01	0.05923398977
522.01	0.06249030857
513.009	0.05845867576
504.009	0.06155993177
495.009	0.05892386416
486.009	0.06218018297
477.009	0.06109474337
468.009	0.05737323616
459.008	0.05365172895
450.008	0.05489223135
441.008	0.04667390293
432.008	0.04837959374
423.008	0.04899984494
414.008	0.04031632811
405.007	0.04543340053
396.007	0.0367498837
387.007	0.03132268569
378.007	0.02930686928
369.007	0.02729105288
360.007	0.02543029927
351.006	0.02403473407
342.006	0.02201891766
333.006	0.01891766165
324.006	0.02062335246
315.006	0.01162971003
306.006	0.01643665685
297.005	0.01224996123
288.005	0.01069933323
279.005	0.01162971003
270.005	0.01054427043
261.005	0.009458830826
252.005	0.00728795162
243.004	0.007598077221
234.004	0.006202512017
225.004	0.005272135215
216.004	0.006667700419
207.004	0.005892386416
198.004	0.005582260816
189.003	0.005582260816
180.003	0.004186695612
171.003	0.003101256009
162.003	0.004031632811
153.003	0.00341138161
144.003	0.003101256009
135.002	0.002325942007
126.002	0.003256318809
117.002	0.001085439603
108.002	0.002325942007
99.002	0.002015816406
90.002	0.002170879206
81.001	0.002170879206
72.001	0.0009303768026
63.001	0.0007753140022
54.001	0.0009303768026
45.001	0.001085439603
36.001	0.0006202512017
27	0.0004651884013
18	0.0003101256009
9	0.0006202512017
0	0.0004651884013
	0.0006202512017
	0.0001550628004
	0.0003101256009
	0.0003101256009
	0
	0.0003101256009
	0.0001550628004
	0.0001550628004
	0
	0.0001550628004
	0
	0.0003101256009
	0
	0
	0
	0
	0
	0
	0
	0
	0
	0
	0
	0
	0
	0
	0
	0
	0.0001550628004
	0
	0
	0
	0
	0
	0
	0
	0
	0
	0
	0
	0
	0
	0
	0
	0
	0
	0
	0
	0
	0
	0
	0
	0
	0
	0
	0
	0
	0
	0
	0
	0
	0
	0
	0
	0
	0
	0
	0
	0
	0
	0
	0
	0
	0
	0
	0
	0
	0
	0
	0
	0
	0
	0
	0
	0
	0
	0
	0
	0
	0
	0
	0
	0
	0
	0
	0
	0
	0
	0
	0
	0
	0
	0
	0
	0
	0
	0
	0
	0
	0
	0
	0
	0
	0
	0
	0
	0
	0
	0
	0
	0
	0
	0
	0
	0
	0
	0
	0
	0
	0
	0
	0
	0
	0
	0
	0
	0
	0
	0
	0
	0
	0
	0
	0
	0
	0
	0
	0
	0
	0
	0
	0
	0
	0
	0
	0
	0
	0
	0
	0
	0
	0
	0
	0
	0
	0
	0
	0
	0
	0
	0
	0
	0
	0
	0
	0
	0
	0
	0
	0
	0
	0
	0
	0
	0
	0
	0
	0
	0
	0
	0
	0
	0
	0
	0
	0
	0
	0
	0
	0
	0
	0
	0
	0
	0
	0
	0
	0
	0
	0
	0
	0
	0
	0
	0
	0
	0
	0
	0
	0
	0
	0
	0
	0
	0
	0
	0
	0
	0
	0
	0
	0
	0
	0
	0
	0
	0
	0
	0
	0
	0
	0
	0
	0
	0
	0
	0
	0
	0
	0
	0
	0
	0
	0
	0
	0
	0
	0
	0
	0
	0
	0
	0
	0
	0
	0
	0
	0
	0
	0
	0
	0
	0
	0
	0
	0
	0
	0
	0
	0
	0
	0
	0
	0
	0
	0
	0
	0
	0
	0
	0
	0
	0
	0
	0
	0
	0
	0
	0
	0
	0
	0
	0
	0
	0
	0
	0
	0
	0
	0
	0
	0
	0
	0
	0
	0
	0
	0
	0
	0
	0
	0
	0
	0
	0
	0
	0
	0
	0
	0
	0
	0
	0
	0
	0
	0
	0
	0
	0
	0
	0
	0
	0
	0
	0
	0
	0
	0
	0
	0
	0
	0
	0
	0
	0
	0
	0
	0
	0
	0
	0
	0
	0
	0
	0
	0
	0
	0
	0
	0
	0
	0
	0
	0
	0
	0
	0
	0
	0
	0
	0
	0
	0
	0
	0
	0
	0
	0
	0
	0
	0
	0
	0
	0
	0
	0
	0
	0
	0
	0
	0
	0
	0
	0
	0
	0
	0
	0
	0
	0
	0
	0
	0
	0
	0
	0
	0
	0
	0
	0
	0
	0
	0
	0
	0
	0
	0
	0
	0
	0
	0
	0
	0
	0
	0
	0
	0
	0
	0
	0
	0
	0
	0
	0
	0
	0
	0
	0
	0
	0
	0
	0
	0
	0
	0
	0
	0
	0
	0
	0
	0
	0
	0
	0
	0
	0
	0
	0
	0
	0
	0
	0
	0
	0
	0
	0
	0
	0
	0
	0
	0
	0
	0
	0
	0
	0
	0
	0
	0
	0
	0
	0
	0
	0
	0
	0
	0
	0
	0
	0
	0
	0
	0
	0
	0
	0
	0
	0
	0
	0
	0
	0
	0
	0
	0
	0
	0
	0
	0
	0
	0
	0
	0
	0
	0
	0
	0
	0
	0
	0
	0
	0
	0
	0
	0
	0
	0
	0
	0
	0
	0
	0
	0
	0
	0
	0
	0
	0
	0
	0
	0
	0
	0
	0
	0
	0
	0
	0
	0
	0
	0
	0
	0
	0
	0
	0
	0
	0
	0
	0
	0
	0
	0
	0
	0
	0
	0
	0
	0
	0
	0
	0
	0
	0
	0
	0
	0
	0
	0
	0
	0
	0
	0
	0
	0
	0
	0
	0
	0
	0
	0
	0
	0
	0
	0
	0
	0
	0
	0
	0
	0
	0
	0
	0
	0
	0
	0
	0
	0
	0
	0
	0
	0
	0
	0
	0
	0
	0
	0
	0
	0
	0
	0
	0
	0
	0
	0
	0
	0
	0
	0
	0
	0
	0
	0
	0
	0
	0
	0
	0
	0
	0
	0
	0
	0
	0
	0
	0
	0
	0
	0
	0
	0
	0
	0
	0
	0
	0
	0
	0
	0
	0
	0
	0
	0
	0
	0
	0
	0
	0
	0
	0
	0
	0
	0
	0
	0
	0
	0
	0
	0
	0
	0
	0
	0
	0
	0
	0
	0
	0
	0
	0
	0
	0
	0
	0
	0
	0
	0
	0
	0
	0
	0
	0
	0
	0
	0
	0
	0
	0
	0
	0
	0
	0
	0
	0
	0
	0
	0
	0
	0
	0
	0
	0
	0
	0
	0
	0
	0
	0
	0
	0
	0
	0
	0
	0
	0
	0
	0
	0
	0
	0
	0
	0
	0
	0
	0
	0
	0
	0
	0
	0
	0
	0
	0
	0
	0
	0
	0
	0
	0
	0
	0
	0
	0
	0
	0
	0
	0
	0
	0
	0
	0
	0
	0
	0
	0
	0
	0
	0
	0
	0
	0
	0
	0
	0
	0
	0
	0
	0
	0
	0
	0
	0
	0
	0
	0
	0
	0
	0
	0
	0
	0
	0
	0
	0
	0
	0
	0
	0
	0
	
	
	
	
	
	
	
	
	
	
	
	
	
	
	
	
	
	
	
	
	
	
	
	
	
	
	
	
	
	
	
	
	
	
	
	
	
	
	
	
	
	
	
	
	
	
	
	
	
	
	
	
	
	
	
	
	
	
	
	
	
	
	
	
	
	
	
	
	
	
	
	
	
	
	
	
	
	
	
	
	
	
	
	
	
	
	
	
	
	
	
	
	
	
	
	
	
	
	
	
	
	
	
	
	
	
	
	
	
	
	
	
	
	
	
	
	
	
	
	
	
	
	
	
	
	
	
	
	
	
	
	
	
	
	
	
	
	
	
	
	
	
	
	
	
	
	
	
	
	
	
	
	
	
	
	
	
	
	
	
	
	
	
	
	
	
	
	
	
	
	
	
	
	
	
	
	
	
	
	
	
	
	
	
	
	
	
	
	
	
	
	
	
	
	
	
	
	
	
	
	
	
	
	
	
	
	
	
	
	
	
	
	
	
	
	
	
	
	
	
	
	
	
	
	
	
	
	
	
	
	
	
	
	
	
	
	
	
	
	
	
	
	
	
	
	
	
	
	
	
	
	
	
	
	
	
	
	
	
	
	
	
	
	
	
	
	
	
	
	
	
	
	
	
	
	
	
	
	
	
	
	
	
	
	
	
	
	
	
	
	
	
	
	
	
	
	
	
	
	
	
	
	
	
	
	
	
	
	
	
	
	
	
	
	
	
	
	
	
	
	
	
	
	
	
	
	
	
	
	
	
	
	
	
	
	
	
	
	
	
	
	
	
	
	
	
	
	
	
	
	
	
	
	
	
	
	
	
	
	
	
	
	
	
	
	
	
	
	
	
	
	
	
	
	
	
	
	
	
	
	
	
	
	
	
	
	
	
	
	
	
	
	
	
	
	
	
	
	
	
	
	
	
	
	
	
	
	
	
	
	
	
	
	
	
	
	
	
	
	
	
	
	
	
	
	
	
	
	
	
	
	
	
	
	
	
	
	
	
	
	
	
	
	
	
	
	
	
	
	
	
	
	
	
	
	
	
	
	
	
	
	
	
	
	
	
	
	
	
	
	
	
	
	
	
	
	
	
	
	
	
	
	
	
	
	
	
	
	
	
	
	
	
	
	
	
	
	
	
	
	
	
	
	
	
	
	
	
	
	
	
	
	
	
	
	
	
	
	
	
	
	
	
	
	
	
	
	
	
	
	
	
	
	
	
	
	
	
	
	
	
	
	
	
	
	
	
	
	
	
	
	
	
	
	
	
	
	
	
	
	
	
	
	
	
	
	
	
	
	
	
	
	
	
	
	
	
	
	
	
	
	
	
	
	
	
	
	
	
	
	
	
	
	
	
	
	
	
	
	
	
	
	
	
	
	
	
	
	
	
	
	
	
	
	
	
	
	
	
	
	
	
	
	
	
	
	
	
	
	
	
	
	
	
	
	
	
	
	
	
	
	
	
	
	
	
	
	
	
	
	
	
	
	
	
	
	
	
	
	
	
	
	
	
	
	
	
	
	
	
	
	
	
	
	
	
	
	
	
	
	
	
	
	
	
	
	
	
	
	
	
	
	
	
	
	
	
	
	
	
	
	
	
	
	
	
	
	
	
	
	
	
	
	
	
	
	
	
	
	
	
	
	
	
	
	
	
	
	
	
	
	
	
	
	
	
	
	
	
	
	
	
	
	
	
	
	
	
	
	
	
	
	
	
	
	
	
	
	
	
	
	
	
	
	
	
	
	
	
	
	
	
	
	
	
	
	
	
	
	
	
	
	
	
	
	
	
	
	
	
	
	
	
	
	
	
	
	
	
	
	
	
	
	
	
	
	
	
	
	
	
	
	
	
	
	
	
	
	
	
	
	
	
	
	
	
	
	
	
	
	
	
	
	
	
	
	
	
	
	
	
	
	
	
	
	
	
	
	
	
	
	
	
	
	
	
	
	
	
	
	
	
	
	
	
	
	
	
	
	
	
	
	
	
	
	
	
	
	
	
	
	
	
	
	
	
	
	
	
	
	
	
	
	
	
	
	
	
	
	
	
	
	
	
	
	
	
	
	
	
	
	
	
	
	
	
	
	
	
	
	
	
	
	
	
	
	
	
	
	
	
	
	
	
	
	
	
	
	
	
	
	
	
	
	
	
	
	
	
	
	
	
	
	
	
	
	
	
	
	
	
	
	
	
	
	
	
	
	
	
	
	
	
	
	
	
	
	
	
	
	
	
	
	
	
	
	
	
	
	
	
	
	
	
	
	
	
	
	
	
	
	
	
	
	
	
	
	
	
	
	
	
	
	
	
	
	
	
	
	
	
	
	
	
	
	
	
	
	
	
	
	
	
	
	
	
	
	
	
	
	
	
	
	
	
	
	
	
	
	
	
	
	
	
	
	
	
	
	
	
	
	
	
	
	
	
	
	
	
	
	
	
	
	
	
	
	
	
	
	
	
	
	
	
	
	
	
	
	
	
	
	
	
	
	
	
	
	
	
	
	
	
	
	
	
	
	
	
	
	
	
	
	
	
	
	
	
	
	
	
	
	
	
	
	
	
	
	
	
	
	
	
	
	
	
	
	
	
	
	
	
	
	
	
	
	
	
	
	
	
	
	
	
	
	
	
	
	
	
	
	
	
	
	
	
	
	
	
	
	
	
	
	
	
	
	
	
	
	
	
	
	
	
	
	
	
	
	
	
	
	
	
	
	
	
	
	
	
	
	
	
	
	
	
	
	
	
	
	
	
	
	
	
	
	
	
	
	
	
	
	
	
	
	
	
	
	
	
	
	
	
	
	
	
	
	
	
	
	
	
	
	
	
	
	
	
	
	
	
	
	
	
	
	
	
	
	
	
	
	
	
	
	
	
	
	
	
	
	
	
	
	
	
	
	
	
	
	
	
	
	
	
	
	
	
	
	
	
	
	
	
	
	
	
	
	
	
	
	
	
	
	
	
	
	
	
	
	
	
	
	
	
	
	
	
	
	
	
	
	
	
	
	
	
	
	
	
	
	
	
	
	
	
	
	
	
	
	
	
	
	
	
	
	
	
	
	
	
	
	
	
	
	
	
	
	
	
	
	
	
	
	
	
	
	
	
	
	
	
	
	
	
	
	
	
	
	
	
	
	
	
	
	
	
	
	
	
	
	
	
	
	
	
	
	
	
	
	
	
	
	
	
	
	
	
	
	
	
	
	
	
	
	
	
	
	
	
	
	
	
	
	
	
	
	
	
	
	
	
	
	
	
	
	
	
	
	
	
	
	
	
	
	
	
	
	
	
	
	
	
	
	
	
	
	
	
	
	
	
	
	
	
	
	
	
	
	
	
	
	
	
	
	
	
	
	
	
	
	
	
	
	
	
	
	
	
	
	
	
	
	
	
	
	
	
	
	
	
	
	
	
	
	
	
	
	
	
	
	
	
	
	
	
	
	
	
	
	
	
	
	
	
	
	
	
	
	
	
	
	
	
	
	
	
	
	
	
	
	
	
	
	
	
	
	
	
	
	
	
	
	
	
	
	
	
	
	
	
	
	
	
	
	
	
	
	
	
	
	
	
	
	
	
	
	
	
	
	
	
	
	
	
	
	
	
	
	
	
	
	
	
	
	
	
	
	
	
	
	
	
	
	
	
	
	
	
	
	
	
	
	
	
	
	
	
	
	
	
	
	
	
	
	
	
	
	
	
	
	
	
	
	
	
	
	
	
	
	
	
	
	
	
	
	
	
	
	
	
	
	
	
	
	
	
	
	
	
	
	
	
	
	
	
	
	
	
	
	
	
	
	
	
	
	
	
	
	
	
	
	
	
	
	
	
	
	
	
	
	
	
	
	
	
	
	
	
	
	
	
	
	
	
	
	
	
	
	
	
	
	
	
	
	
	
	
	
	
	
	
	
	
	
	
	
	
	
	
	
	
	
	
	
	
	
	
	
	
	
	
	
	
	
	
	
	
	
	
	
	
	
	
	
	
	
	
	
	
	
	
	
	
	
	
	
	
	
	
	
	
	
	
	
	
	
	
	
	
	
	
	
	
	
	
	
	
	
	
	
	
	
	
	
	
	
	
	
	
	
	
	
	
	
	
	
	
	
	
	
	
	
	
	
	
	
	
	
	
	
	
	
	
	
	
	
	
	
	
	
	
	
	
	
	
	
	
	
	
	
	
	
	
	
	
	
	
	
	
	
	
	
	
	
	
	
	
	
	
	
	
	
	
	
	
	
	
	
	
	
	
	
	
	
	
	
	
	
	
	
	
	
	
	
	
	
	
	
	
	
	
	
	
	
	
	
	
	
	
	
	
	
	
	
	
	
	
	
	
	
	
	
	
	
	
	
	
	
	
	
	
	
	
	
	
	
	
	
	
	
	
	
	
	
	
	
	
	
	
	
	
	
	
	
	
	
	
	
	
	
	
	
	
	
	
	
	
	
	
	
	
	
	
	
	
	
	
	
	
	
	
	
	
	
	
	
	
	
	
	
	
	
	
	
	
	
	
	
	
	
	
	
	
	
	
	
	
	
	
	
	
	
	
	
	
	
	
	
	
	
	
	
	
	
	
	
	
	
	
	
	
	
	
	
	
	
	
	
	
	
	
	
	
	
	
	
	
	
	
	
	
	
	
	
	
	
	
	
	
	
	
	
	
	
	
	
	
	
	
	
	
	
	
	
	
	
	
	
	
	
	
	
	
	
	
	
	
	
	
	
	
	
	
	
	
	
	
	
	
	
	
	
	
	
	
	
	
	
	
	
	
	
	
	
	
	
	
	
	
	
	
	
	
	
	
	
	
	
	
	
	
	
	
	
	
	
	
	
	
	
	
	
	
	
	
	
	
	
	
	
	
	
	
	
	
	
	
	
	
	
	
	
	
	
	
	
	
	
	
	
	
	
	
	
	
	
	
	
	
	
	
	
	
	
	
	
	
	
	
	
	
	
	
	
	
	
	
	
	
	
	
	
	
	
	
	
	
	
	
	
	
	
	
	
	
	
	
	
	
	
	
	
	
	
	
	
	
	
	
	
	
	
	
	
	
	
	
	
	
	
	
	
	
	
	
	
	
	
	
	
	
	
	
	
	
	
	
	
	
	
	
	
	
	
	
	
	
	
	
	
	
	
	
	
	
	
	
	
	
	
	
	
	
	
	
	
	
	
	
	
	
	
	
	
	
	
	
	
	
	
	
	
	
	
	
	
	
	
	
	
	
	
	
	
	
	
	
	
	
	
	
	
	
	
	
	
	
	
	
	
	
	
	
	
	
	
	
	
	
	
	
	
	
	
	
	
	
	
	
	
	
	
	
	
	
	
	
	
	
	
	
	
	
	
	
	
	
	
	
	
	
	
	
	
	
	
	
	
	
	
	
	
	
	
	
	
	
	
	
	
	
	
	
	
	
	
	
	
	
	
	
	
	
	
	
	
	
	
	
	
	
	
	
	
	
	
	
	
	
	
	
	
	
	
	
	
	
	
	
	
	
	
	
	
	
	
	
	
	
	
	
	
	
	
	
	
	
	
	
	
	
	
	
	
	
	
	
	
	
	
	
	
	
	
	
	
	
	
	
	
	
	
	
	
	
	
	
	
	
	
	
	
	
	
	
	
	
	
	
	
	
	
	
	
	
	
	
	
	
	
	
	
	
	
	
	
	
	
	
	
	
	
	
	
	
	
	
	
	
	
	
	
	
	
	
	
	
	
	
	
	
	
	
	
	
	
	
	
	
	
	
	
	
	
	
	
	
	
	
	
	
	
	
	
	
	
	
	
	
	
	
	
	
	
	
	
	
	
	
	
	
	
	
	
	
	
	
	
	
	
	
	
	
	
	
	
	
	
	
	
	
	
	
	
	
	
	
	
	
	
	
	
	
	
	
	
	
	
	
	
	
	
	
	
	
	
	
	
	
	
	
	
	
	
	
	
	
	
	
	
	
	
	
	
	
	
	
	
	
	
	
	
	
	
	
	
	
	
	
	
	
	
	
	
	
	
	
	
	
	
	
	
	
	
	
	
	
	
	
	
	
	
	
	
	
	
	
	
	
	
	
	
	
	
	
	
	
	
	
	
	
	
	
	
	
	
	
	
	
	
	
	
	
	
	
	
	
	
	
	
	
	
	
	
	
	
	
	
	
	
	
	
	
	
	
	
	
	
	
	
	
	
	
	
	
	
	
	
	
	
	
	
	
	
	
	
	
	
	
	
	
	
	
	
	
	
	
	
	
	
	
	
	
	
	
	
	
	
	
	
	
	
	
	
	
	
	
	
	
	
	
	
	
	
	
	
	
	
	
	
	
	
	
	
	
	
	
	
	
	
	
	
	
	
	
	
	
	
	
	
	
	
	
	
	
	
	
	
	
	
	
	
	
	
	
	
	
	
	
	
	
	
	
	
	
	
	
	
	
	
	
	
	
	
	
	
	
	
	
	
	
	
	
	
	
	
	
	
	
	
	
	
	
	
	
	
	
	
	
	
	
	
	
	
	
	
	
	
	
	
	
	
	
	
	
	
	
	
	
	
	
	
	
	
	
	
	
	
	
	
	
	
	
	
	
	
	
	
	
	
	
	
	
	
	
	
	
	
	
	
	
	
	
	
	
	
	
	
	
	
	
	
	
	
	
	
	
	
	
	
	
	
	
	
	
	
	
	
	
	
	
	
	
	
	
	
	
	
	
	
	
	
	
	
	
	
	
	
	
	
	
	
	
	
	
	
	
	
	
	
	
	
	
	
	
	
	
	
	
	
	
	
	
	
	
	
	
	
	
	
	
	
	
	
	
	
	
	
	
	
	
	
	
	
	
	
	
	
	
	
	
	
	
	
	
	
	
	
	
	
	
	
	
	
	
	
	
	
	
	
	
	
	
	
	
	
	
	
	
	
	
	
	
	
	
	
	
	
	
	
	
	
	
	
	
	
	
	
	
	
	
	
	
	
	
	
	
	
	
	
	
	
	
	
	
	
	
	
	
	
	
	
	
	
	
	
	
	
	
	
	
	
	
	
	
	
	
	
	
	
	
	
	
	
	
	
	
	
	
	
	
	
	
	
	
	
	
	
	
	
	
	
	
	
	
	
	
	
	
	
	
	
	
	
	
	
	
	
	
	
	
	
	
	
	
	
	
	
	
	
	
	
	
	
	
	
	
	
	
	
	
	
	
	
	
	
	
	
	
	
	
	
	
	
	
	
	
	
	
	
	
	
	
	
	
	
	
	
	
	
	
	
	
	
	
	
	
	
	
	
	
	
	
	
	
	
	
	
	
	
	
	
	
	
	
	
	
	
	
	
	
	
	
	
	
	
	
	
	
	
	
	
	
	
	
	
	
	
	
	
	
	
	
	
	
	
	
	
	
	
	
	
	
	
	
	
	
	
	
	
	
	
	
	
	
	
	
	
	
	
	
	
	
	
	
	
	
	
	
	
	
	
	
	
	
	
	
	
	
	
	
	
	
	
	
	
	
	
	
	
	
	
	
	
	
	
	
	
	
	
	
	
	
	
	
	
	
	
	
	
	
	
	
	
	
	
	
	
	
	
	
	
	
	
	
	
	
	
	
	
	
	
	
	
	
	
	
	
	
	
	
	
	
	
	
	
	
	
	
	
	
	
	
	
	
	
	
	
	
	
	
	
	
	
	
	
	
	
	
	
	
	
	
	
	
	
	
	
	
	
	
	
	
	
	
	
	
	
	
	
	
	
	
	
	
	
	
	
	
	
	
	
	
	
	
	
	
	
	
	
	
	
	
	
	
	
	
	
	
	
	
	
	
	
	
	
	
	
	
	
	
	
	
	
	
	
	
	
	
	
	
	
	
	
	
	
	
	
	
	
	
	
	
	
	
	
	
	
	
	
	
	
	
	
	
	
	
	
	
	
	
	
	
	
	
	
	
	
	
	
	
	
	
	
	
	
	
	
	
	
	
	
	
	
	
	
	
	
	
	
	
	
	
	
	
	
	
	
	
	
	
	
	
	
	
	
	
	
	
	
	
	
	
	
	
	
	
	
	
	
	
	
	
	
	
	
	
	
	
	
	
	
	
	
	
	
	
	
	
	
	
	
	
	
	
	
	
	
	
	
	
	
	
	
	
	
	
	
	
	
	
	
	
	
	
	
	
	
	
	
	
	
	
	
	
	
	
	
	
	
	
	
	
	
	
	
	
	
	
	
	
	
	
	
	
	
	
	
	
	
	
	
	
	
	
	
	
	
	
	
	
	
	
	
	
	
	
	
	
	
	
	
	
	
	
	
	
	
	
	
	
	
	
	
	
	
	
	
	
	
	
	
	
	
	
	
	
	
	
	
	
	
	
	
	
	
	
	
	
	
	
	
	
	
	
	
	
	
	
	
	
	
	
	
	
	
	
	
	
	
	
	
	
	
	
	
	
	
	
	
	
	
	
	
	
	
	
	
	
	
	
	
	
	
	
	
	
	
	
	
	
	
	
	
	
	
	
	
	
	
	
	
	
	
	
	
	
	
	
	
	
	
	
	
	
	
	
	
	
	
	
	
	
	
	
	
	
	
	
	
	
	
	
	
	
	
	
	
	
	
	
	
	
	
	
	
	
	
	
	
	
	
	
	
	
	
	
	
	
	
	
	
	
	
	
	
	
	
	
	
	
	
	
	
	
	
	
	
	
	
	
	
	
	
	
	
	
	
	
	
	
	
	
	
	
	
	
	
	
	
	
	
	
	
	
	
	
	
	
	
	
	
	
	
	
	
	
	
	
	
	
	
	
	
	
	
	
	
	
	
	
	
	
	
	
	
	
	
	
	
	
	
	
	
	
	
	
	
	
	
	
	
	
	
	
	
	
	
	
	
	
	
	
	
	
	
	
	
	
	
	
	
	
	
	
	
	
	
	
	
	
	
	
	
	
	
	
	
	
	
	
	
	
	
	
	
	
	
	
	
	
	
	
	
	
	
	
	
	
	
	
	
	
	
	
	
	
	
	
	
	
	
	
	
	
	
	
	
	
	
	
	
	
	
	
	
	
	
	
	
	
	
	
	
	
	
	
	
	
	
	
	
	
	
	
	
	
	
	
	
	
	
	
	
	
	
	
	
	
	
	
	
	
	
	
	
	
	
	
	
	
	
	
	
	
	
	
	
	
	
	
	
	
	
	
	
	
	
	
	
	
	
	
	
	
	
	
	
	
	
	
	
	
	
	
	
	
	
	
	
	
	
	
	
	
	
	
	
	
	
	
	
	
	
	
	
	
	
	
	
	
	
	
	
	
	
	
	
	
	
	
	
	
	
	
	
	
	
	
	
	
	
	
	
	
	
	
	
	
	
	
	
	
	
	
	
	
	
	
	
	
	
	
	
	
	
	
	
	
	
	
	
	
	
	
	
	
	
	
	
	
	
	
	
	
	
	
	
	
	
	
	
	
	
	
	
	
	
	
	
	
	
	
	
	
	
	
	
	
	
	
	
	
	
	
	
	
	
	
	
	
	
	
	
	
	
	
	
	
	
	
	
	
	
	
	
	
	
	
	
	
	
	
	
	
	
	
	
	
	
	
	
	
	
	
	
	
	
	
	
	
	
	
	
	
	
	
	
	
	
	
	
	
	
	
	
	
	
	
	
	
	
	
	
	
	
	
	
	
	
	
	
	
	
	
	
	
	
	
	
	
	
	
	
	
	
	
	
	
	
	
	
	
	
	
	
	
	
	
	
	
	
	
	
	
	
	
	
	
	
	
	
	
	
	
	
	
	
	
	
	
	
	
	
	
	
	
	
	
	
	
	
	
	
	
	
	
	
	
	
	
	
	
	
	
	
	
	
	
	
	
	
	
	
	
	
	
	
	
	
	
	
	
	
	
	
	
	
	
	
	
	
	
	
	
	
	
	
	
	
	
	
	
	
	
	
	
	
	
	
	
	
	
	
	
	
	
	
	
	
	
	
	
	
	
	
	
	
	
	
	
	
	
	
	
	
	
	
	
	
	
	
	
	
	
	
	
	
	
	
	
	
	
	
	
	
	
	
	
	
	
	
	
	
	
	
	
	
	
	
	
	
	
	
	
	
	
	
	
	
	
	
	
	
	
	
	
	
	
	
	
	
	
	
	
	
	
	
	
	
	
	
	
	
	
	
	
	
	
	
	
	
	
	
	
	
	
	
	
	
	
	
	
	
	
	
	
	
	
	
	
	
	
	
	
	
	
	
	
	
	
	
	
	
	
	
	
	
	
	
	
	
	
	
	
	
	
	
	
	
	
	
	
	
	
	
	
	
	
	
	
	
	
	
	
	
	
	
	
	
	
	
	
	
	
	
	
	
	
	
	
	
	
	
	
	
	
	
	
	
	
	
	
	
	
	
	
	
	
	
	
	
	
	
	
	
	
	
	
	
	
	
	
	
	
	
	
	
	
	
	
	
	
	
	
	
	
	
	
	
	
	
	
	
	
	
	
	
	
	
	
	
	
	
	
	
	
	
	
	
	
	
	
	
	
	
	
	
	
	
	
	
	
	
	
	
	
	
	
	
	
	
	
	
	
	
	
	
	
	
	
	
	
	
	
	
	
	
	
	
	
	
	
	
	
	
	
	
	
	
	
	
	
	
	
	
	
	
	
	
	
	
	
	
	
	
	
	
	
	
	
	
	
	
	
	
	
	
	
	
	
	
	
	
	
	
	
	
	
	
	
	
	
	
	
	
	
	
	
	
	
	
	
	
	
	
	
	
	
	
	
	
	
	
	
	
	
	
	
	
	
	
	
	
	
	
	
	
	
	
	
	
	
	
	
	
	
	
	
	
	
	
	
	
	
	
	
	
	
	
	
	
	
	
	
	
	
	
	
	
	
	
	
	
	
	
	
	
	
	
	
	
	
	
	
	
	
	
	
	
	
	
	
	
	
	
	
	
	
	
	
	
	
	
	
	
	
	
	
	
	
	
	
	
	
	
	
	
	
	
	
	
	
	
	
	
	
	
	
	
	
	
	
	
	
	
	
	
	
	
	
	
	
	
	
	
	
	
	
	
	
	
	
	
	
	
	
	
	
	
	
	
	
	
	
	
	
	
	
	
	
	
	
	
	
	
	
	
	
	
	
	
	
	
	
	
	
	
	
	
	
	
	
	
	
	
	
	
	
	
	
	
	
	
	
	
	
	
	
	
	
	
	
	
	
	
	
	
	
	
	
	
	
	
	
	
	
	
	
	
	
	
	
	
	
	
	
	
	
	
	
	
	
	
	
	
	
	
	
	
	
	
	
	
	
	
	
	
	
	
	
	
	
	
	
	
	
	
	
	
	
	
	
	
	
	
	
	
	
	
	
	
	
	
	
	
	
	
	
	
	
	
	
	
	
	
	
	
	
	
	
	
	
	
	
	
	
	
	
	
	
	
	
	
	
	
	
	
	
	
	
	
	
	
	
	
	
	
	
	
	
	
	
	
	
	
	
	
	
	
	
	
	
	
	
	
	
	
	
	
	
	
	
	
	
	
	
	
	
	
	
	
	
	
	
	
	
	
	
	
	
	
	
	
	
	
	
	
	
	
	
	
	
	
	
	
	
	
	
	
	
	
	
	
	
	
	
	
	
	
	
	
	
	
	
	
	
	
	
	
	
	
	
	
	
	
	
	
	
	
	
	
	
	
	
	
	
	
	
	
	
	
	
	
	
	
	
	
	
	
	
	
	
	
	
	
	
	
	
	
	
	
	
	
	
	
	
	
	
	
	
	
	
	
	
	
	
	
	
	
	
	
	
	
	
	
	
	
	
	
	
	
	
	
	
	
	
	
	
	
	
	
	
	
	
	
	
	
	
	
	
	
	
	
	
	
	
	
	
	
	
	
	
	
	
	
	
	
	
	
	
	
	
	
	
	
	
	
	
	
	
	
	
	
	
	
	
	
	
	
	
	
	
	
	
	
	
	
	
	
	
	
	
	
	
	
	
	
	
	
	
	
	
	
	
	
	
	
	
	
	
	
	
	
	
	
	
	
	
	
	
	
	
	
	
	
	
	
	
	
	
	
	
	
	
	
	
	
	
	
	
	
	
	
	
	
	
	
	
	
	
	
	
	
	
	
	
	
	
	
	
	
	
	
	
	
	
	
	
	
	
	
	
	
	
	
	
	
	
	
	
	
	
	
	
	
	
	
	
	
	
	
	
	
	
	
	
	
	
	
	
	
	
	
	
	
	
	
	
	
	
	
	
	
	
	
	
	
	
	
	
	
	
	
	
	
	
	
	
	
	
	
	
	
	
	
	
	
	
	
	
	
	
	
	
	
	
	
	
	
	
	
	
	
	
	
	
	
	
	
	
	
	
	
	
	
	
	
	
	
	
	
	
	
	
	
	
	
	
	
	
	
	
	
	
	
	
	
	
	
	
	
	
	
	
	
	
	
	
	
	
	
	
	
	
	
	
	
	
	
	
	
	
	
	
	
	
	
	
	
	
	
	
	
	
	
	
	
	
	
	
	
	
	
	
	
	
	
	
	
	
	
	
	
	
	
	
	
	
	
	
	
	
	
	
	
	
	
	
	
	
	
	
	
	
	
	
	
	
	
	
	
	
	
	
	
	
	
	
	
	
	
	
	
	
	
	
	
	
	
	
	
	
	
	
	
	
	
	
	
	
	
	
	
	
	
	
	
	
	
	
	
	
	
	
	
	
	
	
	
	
	
	
	
	
	
	
	
	
	
	
	
	
	
	
	
	
	
	
	
	
	
	
	
	
	
	
	
	
	
	
	
	
	
	
	
	
	
	
	
	
	
	
	
	
	
	
	
	
	
	
	
	
	
	
	
	
	
	
	
	
	
	
	
	
	
	
	
	
	
	
	
	
	
	
	
	
	
	
	
	
	
	
	
	
	
	
	
	
	
	
	
	
	
	
	
	
	
	
	
	
	
	
	
	
	
	
	
	
	
	
	
	
	
	
	
	
	
	
	
	
	
	
	
	
	
	
	
	
	
	
	
	
	
	
	
	
	
	
	
	
	
	
	
	
	
	
	
	
	
	
	
	
	
	
	
	
	
	
	
	
	
	
	
	
	
	
	
	
	
	
	
	
	
	
	
	
	
	
	
	
	
	
	
	
	
	
	
	
	
	
	
	
	
	
	
	
	
	
	
	
	
	
	
	
	
	
	
	
	
	
	
	
	
	
	
	
	
	
	
	
	
	
	
	
	
	
	
	
	
	
	
	
	
	
	
	
	
	
	
	
	
	
	
	
	
	
	
	
	
	
	
	
	
	
	
	
	
	
	
	
	
	
	
	
	
	
	
	
	
	
	
	
	
	
	
	
	
	
	
	
	
	
	
	
	
	
	
	
	
	
	
	
	
	
	
	
	
	
	
	
	
	
	
	
	
	
	
	
	
	
	
	
	
	
	
	
	
	
	
	
	
	
	
	
	
	
	
	
	
	
	
	
	
	
	
	
	
	
	
	
	
	
	
	
	
	
	
	
	
	
	
	
	
	
	
	
	
	
	
	
	
	
	
	
	
	
	
	
	
	
	
	
	
	
	
	
	
	
	
	
	
	
	
	
	
	
	
	
	
	
	
	
	
	
	
	
	
	
	
	
	
	
	
	
	
	
	
	
	
	
	
