19602.363	0
19593.363	0.0001677852349
19584.363	0.0001677852349
19575.362	0
19566.362	0
19557.362	0.0001677852349
19548.362	0.0003355704698
19539.362	0
19530.362	0
19521.361	0.0001677852349
19512.361	0
19503.361	0
19494.361	0.0001677852349
19485.361	0
19476.361	0.0001677852349
19467.36	0
19458.36	0
19449.36	0
19440.36	0
19431.36	0
19422.36	0
19413.359	0
19404.359	0
19395.359	0.0001677852349
19386.359	0.0003355704698
19377.359	0.0003355704698
19368.359	0.0001677852349
19359.358	0
19350.358	0
19341.358	0
19332.358	0
19323.358	0.0001677852349
19314.358	0
19305.357	0.0001677852349
19296.357	0.0001677852349
19287.357	0
19278.357	0
19269.357	0
19260.357	0
19251.356	0
19242.356	0
19233.356	0.0003355704698
19224.356	0.0001677852349
19215.356	0
19206.356	0.0001677852349
19197.355	0.0001677852349
19188.355	0
19179.355	0
19170.355	0.0001677852349
19161.355	0.0003355704698
19152.355	0.0001677852349
19143.354	0
19134.354	0
19125.354	0.0001677852349
19116.354	0
19107.354	0.0001677852349
19098.354	0
19089.353	0
19080.353	0
19071.353	0
19062.353	0
19053.353	0
19044.353	0
19035.352	0.0001677852349
19026.352	0
19017.352	0
19008.352	0
18999.352	0.0001677852349
18990.352	0.0005033557047
18981.351	0.0005033557047
18972.351	0.0001677852349
18963.351	0.0003355704698
18954.351	0
18945.351	0
18936.351	0.0001677852349
18927.35	0.0001677852349
18918.35	0
18909.35	0
18900.35	0
18891.35	0
18882.35	0.0003355704698
18873.349	0.0001677852349
18864.349	0
18855.349	0
18846.349	0.0001677852349
18837.349	0
18828.349	0
18819.348	0
18810.348	0
18801.348	0
18792.348	0.0001677852349
18783.348	0.0001677852349
18774.348	0
18765.347	0
18756.347	0
18747.347	0
18738.347	0.0001677852349
18729.347	0
18720.347	0.0003355704698
18711.346	0
18702.346	0
18693.346	0
18684.346	0
18675.346	0
18666.346	0
18657.345	0
18648.345	0.0001677852349
18639.345	0.0003355704698
18630.345	0.0003355704698
18621.345	0
18612.345	0
18603.344	0.0001677852349
18594.344	0.0001677852349
18585.344	0.0001677852349
18576.344	0.0001677852349
18567.344	0
18558.344	0.0001677852349
18549.343	0
18540.343	0
18531.343	0.0003355704698
18522.343	0
18513.343	0
18504.343	0
18495.342	0.0001677852349
18486.342	0.0001677852349
18477.342	0
18468.342	0.0003355704698
18459.342	0
18450.342	0.0005033557047
18441.341	0
18432.341	0.0001677852349
18423.341	0
18414.341	0
18405.341	0.0001677852349
18396.341	0
18387.34	0
18378.34	0.0005033557047
18369.34	0
18360.34	0
18351.34	0
18342.34	0
18333.339	0.0001677852349
18324.339	0
18315.339	0.0003355704698
18306.339	0
18297.339	0.0001677852349
18288.339	0.0001677852349
18279.338	0.0001677852349
18270.338	0.0001677852349
18261.338	0
18252.338	0
18243.338	0.0001677852349
18234.338	0.0001677852349
18225.337	0
18216.337	0.0005033557047
18207.337	0.0001677852349
18198.337	0.0001677852349
18189.337	0.0001677852349
18180.337	0.0001677852349
18171.336	0.0001677852349
18162.336	0
18153.336	0
18144.336	0
18135.336	0.0001677852349
18126.336	0
18117.335	0
18108.335	0
18099.335	0
18090.335	0
18081.335	0
18072.335	0
18063.334	0.0001677852349
18054.334	0.0005033557047
18045.334	0
18036.334	0
18027.334	0.0001677852349
18018.334	0
18009.333	0
18000.333	0
17991.333	0
17982.333	0
17973.333	0.0001677852349
17964.333	0.0005033557047
17955.332	0
17946.332	0.0003355704698
17937.332	0.0001677852349
17928.332	0
17919.332	0.0001677852349
17910.332	0.0001677852349
17901.331	0
17892.331	0
17883.331	0
17874.331	0
17865.331	0.0001677852349
17856.331	0
17847.33	0.0001677852349
17838.33	0
17829.33	0.0005033557047
17820.33	0
17811.33	0.0003355704698
17802.33	0
17793.329	0
17784.329	0
17775.329	0.0005033557047
17766.329	0.0001677852349
17757.329	0
17748.329	0.0003355704698
17739.328	0.0001677852349
17730.328	0.0003355704698
17721.328	0.0003355704698
17712.328	0.0001677852349
17703.328	0
17694.328	0.0001677852349
17685.327	0.0001677852349
17676.327	0
17667.327	0.0003355704698
17658.327	0
17649.327	0
17640.327	0.0003355704698
17631.326	0.0003355704698
17622.326	0
17613.326	0.0001677852349
17604.326	0.0003355704698
17595.326	0
17586.326	0
17577.325	0.0003355704698
17568.325	0.0001677852349
17559.325	0
17550.325	0.0003355704698
17541.325	0.0003355704698
17532.325	0.0003355704698
17523.324	0.0001677852349
17514.324	0
17505.324	0
17496.324	0.0001677852349
17487.324	0.0001677852349
17478.324	0
17469.323	0
17460.323	0
17451.323	0
17442.323	0.0003355704698
17433.323	0
17424.323	0.0001677852349
17415.322	0.0001677852349
17406.322	0.0001677852349
17397.322	0.0001677852349
17388.322	0.0003355704698
17379.322	0.0005033557047
17370.322	0.0003355704698
17361.321	0
17352.321	0.0003355704698
17343.321	0.0001677852349
17334.321	0.0005033557047
17325.321	0
17316.321	0
17307.32	0.0006711409396
17298.32	0.0001677852349
17289.32	0.0003355704698
17280.32	0
17271.32	0.0003355704698
17262.32	0
17253.319	0.0003355704698
17244.319	0.0001677852349
17235.319	0.0001677852349
17226.319	0
17217.319	0.0001677852349
17208.319	0
17199.318	0
17190.318	0
17181.318	0
17172.318	0.0001677852349
17163.318	0
17154.318	0
17145.317	0.0003355704698
17136.317	0
17127.317	0
17118.317	0.0005033557047
17109.317	0.0005033557047
17100.317	0.0003355704698
17091.316	0.0001677852349
17082.316	0.0001677852349
17073.316	0.0001677852349
17064.316	0
17055.316	0.0005033557047
17046.316	0.0003355704698
17037.315	0
17028.315	0.0001677852349
17019.315	0
17010.315	0.0005033557047
17001.315	0.0001677852349
16992.315	0.0005033557047
16983.314	0.0005033557047
16974.314	0.0001677852349
16965.314	0.0005033557047
16956.314	0.0003355704698
16947.314	0.0001677852349
16938.314	0.0001677852349
16929.313	0.0003355704698
16920.313	0
16911.313	0.0005033557047
16902.313	0
16893.313	0.0003355704698
16884.313	0.0001677852349
16875.312	0.0006711409396
16866.312	0.0001677852349
16857.312	0.0001677852349
16848.312	0.0001677852349
16839.312	0.0003355704698
16830.312	0.0005033557047
16821.311	0.0001677852349
16812.311	0
16803.311	0.0005033557047
16794.311	0.0003355704698
16785.311	0.0003355704698
16776.311	0.0003355704698
16767.31	0.0003355704698
16758.31	0.0003355704698
16749.31	0.0005033557047
16740.31	0
16731.31	0
16722.31	0.0005033557047
16713.309	0.0003355704698
16704.309	0.0001677852349
16695.309	0.0001677852349
16686.309	0.0001677852349
16677.309	0.0005033557047
16668.309	0.0001677852349
16659.308	0.0001677852349
16650.308	0.0003355704698
16641.308	0.0005033557047
16632.308	0.0001677852349
16623.308	0.0005033557047
16614.308	0.0001677852349
16605.307	0
16596.307	0.0003355704698
16587.307	0
16578.307	0.0006711409396
16569.307	0.0006711409396
16560.307	0.0003355704698
16551.306	0.0001677852349
16542.306	0.0001677852349
16533.306	0.0006711409396
16524.306	0.0005033557047
16515.306	0.0001677852349
16506.306	0.0003355704698
16497.305	0.0001677852349
16488.305	0.0005033557047
16479.305	0.0001677852349
16470.305	0.0003355704698
16461.305	0.0005033557047
16452.305	0.0001677852349
16443.304	0.0005033557047
16434.304	0.0005033557047
16425.304	0.0005033557047
16416.304	0.0005033557047
16407.304	0.0001677852349
16398.304	0.0003355704698
16389.303	0.0005033557047
16380.303	0.0006711409396
16371.303	0.0008389261745
16362.303	0.0005033557047
16353.303	0.0006711409396
16344.303	0.0001677852349
16335.302	0.0006711409396
16326.302	0.0008389261745
16317.302	0.001174496644
16308.302	0.0005033557047
16299.302	0.0006711409396
16290.302	0.0005033557047
16281.301	0.0001677852349
16272.301	0.0006711409396
16263.301	0.0001677852349
16254.301	0.0006711409396
16245.301	0.0006711409396
16236.301	0.0008389261745
16227.3	0.0001677852349
16218.3	0.0005033557047
16209.3	0.001342281879
16200.3	0.0003355704698
16191.3	0.0005033557047
16182.3	0.0003355704698
16173.299	0.0003355704698
16164.299	0.001174496644
16155.299	0.0005033557047
16146.299	0.0008389261745
16137.299	0
16128.299	0.001006711409
16119.298	0.0008389261745
16110.298	0.001006711409
16101.298	0.001006711409
16092.298	0.0006711409396
16083.298	0.0003355704698
16074.298	0.001510067114
16065.297	0.0006711409396
16056.297	0.0008389261745
16047.297	0.0008389261745
16038.297	0.001006711409
16029.297	0.0008389261745
16020.297	0.0005033557047
16011.296	0.0005033557047
16002.296	0.001174496644
15993.296	0.001510067114
15984.296	0.001006711409
15975.296	0.002013422819
15966.296	0.001342281879
15957.295	0.001174496644
15948.295	0.001342281879
15939.295	0.001510067114
15930.295	0.001006711409
15921.295	0.001342281879
15912.295	0.001342281879
15903.294	0.0005033557047
15894.294	0.001174496644
15885.294	0.001342281879
15876.294	0.0003355704698
15867.294	0.0008389261745
15858.294	0.001845637584
15849.293	0.0008389261745
15840.293	0.002684563758
15831.293	0.002348993289
15822.293	0.001342281879
15813.293	0.001510067114
15804.293	0.001510067114
15795.292	0.001342281879
15786.292	0.002013422819
15777.292	0.001845637584
15768.292	0.001510067114
15759.292	0.001174496644
15750.292	0.001677852349
15741.291	0.002013422819
15732.291	0.001510067114
15723.291	0.001845637584
15714.291	0.002181208054
15705.291	0.002181208054
15696.291	0.001845637584
15687.29	0.001677852349
15678.29	0.003691275168
15669.29	0.001342281879
15660.29	0.001342281879
15651.29	0.002181208054
15642.29	0.003523489933
15633.289	0.002684563758
15624.289	0.001845637584
15615.289	0.001677852349
15606.289	0.002852348993
15597.289	0.001677852349
15588.289	0.004026845638
15579.288	0.002013422819
15570.288	0.001845637584
15561.288	0.001677852349
15552.288	0.001174496644
15543.288	0.003020134228
15534.288	0.002516778523
15525.287	0.002181208054
15516.287	0.002181208054
15507.287	0.002684563758
15498.287	0.002516778523
15489.287	0.003187919463
15480.287	0.002181208054
15471.286	0.002684563758
15462.286	0.003691275168
15453.286	0.002684563758
15444.286	0.003020134228
15435.286	0.003691275168
15426.286	0.003187919463
15417.285	0.003020134228
15408.285	0.003355704698
15399.285	0.002348993289
15390.285	0.003020134228
15381.285	0.004026845638
15372.285	0.003355704698
15363.284	0.002852348993
15354.284	0.003355704698
15345.284	0.003020134228
15336.284	0.003020134228
15327.284	0.002516778523
15318.284	0.003859060403
15309.283	0.004026845638
15300.283	0.003859060403
15291.283	0.002684563758
15282.283	0.004697986577
15273.283	0.004194630872
15264.283	0.004194630872
15255.282	0.002516778523
15246.282	0.004026845638
15237.282	0.003020134228
15228.282	0.004026845638
15219.282	0.003523489933
15210.282	0.003020134228
15201.281	0.002852348993
15192.281	0.003020134228
15183.281	0.003020134228
15174.281	0.003020134228
15165.281	0.004194630872
15156.281	0.005369127517
15147.28	0.003355704698
15138.28	0.004362416107
15129.28	0.004362416107
15120.28	0.004362416107
15111.28	0.006208053691
15102.28	0.005201342282
15093.279	0.004865771812
15084.279	0.004865771812
15075.279	0.004530201342
15066.279	0.003187919463
15057.279	0.005369127517
15048.279	0.005201342282
15039.278	0.003859060403
15030.278	0.004865771812
15021.278	0.003020134228
15012.278	0.004865771812
15003.278	0.004865771812
14994.278	0.004194630872
14985.277	0.004530201342
14976.277	0.004865771812
14967.277	0.006543624161
14958.277	0.004026845638
14949.277	0.004865771812
14940.277	0.006543624161
14931.276	0.005201342282
14922.276	0.004865771812
14913.276	0.00788590604
14904.276	0.005872483221
14895.276	0.006040268456
14886.276	0.004865771812
14877.275	0.005872483221
14868.275	0.005536912752
14859.275	0.005033557047
14850.275	0.006208053691
14841.275	0.007382550336
14832.275	0.006040268456
14823.274	0.006040268456
14814.274	0.006879194631
14805.274	0.006543624161
14796.274	0.005704697987
14787.274	0.007382550336
14778.274	0.006040268456
14769.273	0.006208053691
14760.273	0.007718120805
14751.273	0.006543624161
14742.273	0.005704697987
14733.273	0.006040268456
14724.273	0.005704697987
14715.272	0.007046979866
14706.272	0.006711409396
14697.272	0.009899328859
14688.272	0.005872483221
14679.272	0.006375838926
14670.272	0.008053691275
14661.271	0.008724832215
14652.271	0.007718120805
14643.271	0.01023489933
14634.271	0.006711409396
14625.271	0.00822147651
14616.271	0.005704697987
14607.27	0.008053691275
14598.27	0.008389261745
14589.27	0.006879194631
14580.27	0.00755033557
14571.27	0.005369127517
14562.27	0.00788590604
14553.269	0.007718120805
14544.269	0.00755033557
14535.269	0.0105704698
14526.269	0.007382550336
14517.269	0.009395973154
14508.269	0.008724832215
14499.268	0.008724832215
14490.268	0.00889261745
14481.268	0.009563758389
14472.268	0.007382550336
14463.268	0.01040268456
14454.268	0.006543624161
14445.267	0.007718120805
14436.267	0.01006711409
14427.267	0.01006711409
14418.267	0.007718120805
14409.267	0.0105704698
14400.267	0.01023489933
14391.266	0.01090604027
14382.266	0.01023489933
14373.266	0.009060402685
14364.266	0.008724832215
14355.266	0.01023489933
14346.266	0.01140939597
14337.265	0.009395973154
14328.265	0.009899328859
14319.265	0.00855704698
14310.265	0.008389261745
14301.265	0.01191275168
14292.265	0.009060402685
14283.264	0.01040268456
14274.264	0.01140939597
14265.264	0.01241610738
14256.264	0.008389261745
14247.264	0.01124161074
14238.264	0.0105704698
14229.263	0.01157718121
14220.263	0.01191275168
14211.263	0.01342281879
14202.263	0.01040268456
14193.263	0.01124161074
14184.263	0.01073825503
14175.262	0.01140939597
14166.262	0.0110738255
14157.262	0.01006711409
14148.262	0.01275167785
14139.262	0.01140939597
14130.262	0.0144295302
14121.261	0.01476510067
14112.261	0.01291946309
14103.261	0.01342281879
14094.261	0.01644295302
14085.261	0.01308724832
14076.261	0.01342281879
14067.26	0.01409395973
14058.26	0.01342281879
14049.26	0.01157718121
14040.26	0.01325503356
14031.26	0.01610738255
14022.26	0.01258389262
14013.259	0.01258389262
14004.259	0.01560402685
13995.259	0.01157718121
13986.259	0.01409395973
13977.259	0.01560402685
13968.259	0.01593959732
13959.258	0.01493288591
13950.258	0.01157718121
13941.258	0.01375838926
13932.258	0.009899328859
13923.258	0.01275167785
13914.258	0.01510067114
13905.257	0.01359060403
13896.257	0.01308724832
13887.257	0.0144295302
13878.257	0.0139261745
13869.257	0.01476510067
13860.257	0.01459731544
13851.256	0.01610738255
13842.256	0.01711409396
13833.256	0.01677852349
13824.256	0.0110738255
13815.256	0.01728187919
13806.256	0.01610738255
13797.255	0.01694630872
13788.255	0.01812080537
13779.255	0.01610738255
13770.255	0.01728187919
13761.255	0.01812080537
13752.255	0.01744966443
13743.254	0.0144295302
13734.254	0.01627516779
13725.254	0.01258389262
13716.254	0.01946308725
13707.254	0.01593959732
13698.254	0.01795302013
13689.253	0.02298657718
13680.253	0.02130872483
13671.253	0.0177852349
13662.253	0.01510067114
13653.253	0.01761744966
13644.253	0.01895973154
13635.252	0.01979865772
13626.252	0.01728187919
13617.252	0.01946308725
13608.252	0.01795302013
13599.252	0.01761744966
13590.252	0.01744966443
13581.251	0.01895973154
13572.251	0.02281879195
13563.251	0.01862416107
13554.251	0.01845637584
13545.251	0.02197986577
13536.251	0.01761744966
13527.25	0.01744966443
13518.25	0.02097315436
13509.25	0.01929530201
13500.25	0.02281879195
13491.25	0.02147651007
13482.25	0.02013422819
13473.249	0.01845637584
13464.249	0.02214765101
13455.249	0.02382550336
13446.249	0.0216442953
13437.249	0.02147651007
13428.249	0.0211409396
13419.248	0.01812080537
13410.248	0.02097315436
13401.248	0.02013422819
13392.248	0.02147651007
13383.248	0.02567114094
13374.248	0.01979865772
13365.247	0.02063758389
13356.247	0.01912751678
13347.247	0.02097315436
13338.247	0.01996644295
13329.247	0.02416107383
13320.247	0.02516778523
13311.246	0.02315436242
13302.246	0.02567114094
13293.246	0.02483221477
13284.246	0.02483221477
13275.246	0.02533557047
13266.246	0.0283557047
13257.245	0.02483221477
13248.245	0.02382550336
13239.245	0.02734899329
13230.245	0.02718120805
13221.245	0.02483221477
13212.245	0.02768456376
13203.244	0.02483221477
13194.244	0.02365771812
13185.244	0.02315436242
13176.244	0.02768456376
13167.244	0.03003355705
13158.244	0.02751677852
13149.243	0.02516778523
13140.243	0.02483221477
13131.243	0.02583892617
13122.243	0.02701342282
13113.243	0.03104026846
13104.243	0.02902684564
13095.242	0.02651006711
13086.242	0.02902684564
13077.242	0.02802013423
13068.242	0.0283557047
13059.242	0.02651006711
13050.242	0.02919463087
13041.241	0.02651006711
13032.241	0.02617449664
13023.241	0.02986577181
13014.241	0.03355704698
13005.241	0.03036912752
12996.241	0.02567114094
12987.24	0.0317114094
12978.24	0.02768456376
12969.24	0.03238255034
12960.24	0.03104026846
12951.24	0.02818791946
12942.24	0.03003355705
12933.239	0.03087248322
12924.239	0.02986577181
12915.239	0.02986577181
12906.239	0.03506711409
12897.239	0.03120805369
12888.239	0.0283557047
12879.238	0.02919463087
12870.238	0.03104026846
12861.238	0.02986577181
12852.238	0.03271812081
12843.238	0.0317114094
12834.238	0.03104026846
12825.237	0.03187919463
12816.237	0.03070469799
12807.237	0.03624161074
12798.237	0.03204697987
12789.237	0.03573825503
12780.237	0.03540268456
12771.236	0.02902684564
12762.236	0.03087248322
12753.236	0.03204697987
12744.236	0.03271812081
12735.236	0.03724832215
12726.236	0.03238255034
12717.235	0.03456375839
12708.235	0.03506711409
12699.235	0.03808724832
12690.235	0.03255033557
12681.235	0.03808724832
12672.235	0.03724832215
12663.234	0.03406040268
12654.234	0.03439597315
12645.234	0.03540268456
12636.234	0.03489932886
12627.234	0.03255033557
12618.234	0.03187919463
12609.233	0.03238255034
12600.233	0.03372483221
12591.233	0.03439597315
12582.233	0.03305369128
12573.233	0.03322147651
12564.233	0.03993288591
12555.232	0.03674496644
12546.232	0.04043624161
12537.232	0.03691275168
12528.232	0.0394295302
12519.232	0.03758389262
12510.232	0.04026845638
12501.231	0.03355704698
12492.231	0.0355704698
12483.231	0.04144295302
12474.231	0.04177852349
12465.231	0.04261744966
12456.231	0.03590604027
12447.23	0.04211409396
12438.23	0.03506711409
12429.23	0.04194630872
12420.23	0.04496644295
12411.23	0.04312080537
12402.23	0.04513422819
12393.229	0.04110738255
12384.229	0.04345637584
12375.229	0.04379194631
12366.229	0.04530201342
12357.229	0.04731543624
12348.229	0.04127516779
12339.228	0.0394295302
12330.228	0.04781879195
12321.228	0.04379194631
12312.228	0.04093959732
12303.228	0.0432885906
12294.228	0.04530201342
12285.227	0.03909395973
12276.227	0.04597315436
12267.227	0.04211409396
12258.227	0.04345637584
12249.227	0.04932885906
12240.227	0.05134228188
12231.226	0.04630872483
12222.226	0.04412751678
12213.226	0.04412751678
12204.226	0.04077181208
12195.226	0.04932885906
12186.226	0.04580536913
12177.225	0.04865771812
12168.225	0.04966442953
12159.225	0.0466442953
12150.225	0.04932885906
12141.225	0.04899328859
12132.225	0.04681208054
12123.224	0.04546979866
12114.224	0.05553691275
12105.224	0.04530201342
12096.224	0.04630872483
12087.224	0.04463087248
12078.224	0.05587248322
12069.223	0.04848993289
12060.223	0.04714765101
12051.223	0.05234899329
12042.223	0.05352348993
12033.223	0.05033557047
12024.223	0.04983221477
12015.222	0.05033557047
12006.222	0.04815436242
11997.222	0.04983221477
11988.222	0.05604026846
11979.222	0.04983221477
11970.222	0.04983221477
11961.221	0.05788590604
11952.221	0.05855704698
11943.221	0.04899328859
11934.221	0.05855704698
11925.221	0.04681208054
11916.221	0.05268456376
11907.22	0.05167785235
11898.22	0.05184563758
11889.22	0.05520134228
11880.22	0.05687919463
11871.22	0.04848993289
11862.22	0.06224832215
11853.219	0.05805369128
11844.219	0.04899328859
11835.219	0.05604026846
11826.219	0.05838926174
11817.219	0.05453020134
11808.219	0.0567114094
11799.218	0.06090604027
11790.218	0.05687919463
11781.218	0.06610738255
11772.218	0.05285234899
11763.218	0.05687919463
11754.218	0.05553691275
11745.217	0.06006711409
11736.217	0.05906040268
11727.217	0.06040268456
11718.217	0.06426174497
11709.217	0.06090604027
11700.217	0.05184563758
11691.216	0.06191275168
11682.216	0.06040268456
11673.216	0.0605704698
11664.216	0.05604026846
11655.216	0.06073825503
11646.216	0.06090604027
11637.215	0.06375838926
11628.215	0.05989932886
11619.215	0.05587248322
11610.215	0.05838926174
11601.215	0.06291946309
11592.215	0.06375838926
11583.214	0.06224832215
11574.214	0.06426174497
11565.214	0.0610738255
11556.214	0.06224832215
11547.214	0.06342281879
11538.214	0.06711409396
11529.213	0.06627516779
11520.213	0.06224832215
11511.213	0.06325503356
11502.213	0.06593959732
11493.213	0.06510067114
11484.213	0.06929530201
11475.212	0.07013422819
11466.212	0.06308724832
11457.212	0.06929530201
11448.212	0.06459731544
11439.212	0.07332214765
11430.212	0.06979865772
11421.211	0.07214765101
11412.211	0.06476510067
11403.211	0.06963087248
11394.211	0.06325503356
11385.211	0.07466442953
11376.211	0.06979865772
11367.21	0.07248322148
11358.21	0.06946308725
11349.21	0.06711409396
11340.21	0.07399328859
11331.21	0.06895973154
11322.21	0.07617449664
11313.209	0.06677852349
11304.209	0.07197986577
11295.209	0.07583892617
11286.209	0.07818791946
11277.209	0.07080536913
11268.209	0.07583892617
11259.208	0.07063758389
11250.208	0.07298657718
11241.208	0.07046979866
11232.208	0.07953020134
11223.208	0.06711409396
11214.208	0.0783557047
11205.207	0.07533557047
11196.207	0.07214765101
11187.207	0.07265100671
11178.207	0.06946308725
11169.207	0.07634228188
11160.207	0.07902684564
11151.206	0.07667785235
11142.206	0.07214765101
11133.206	0.07281879195
11124.206	0.07533557047
11115.206	0.07869127517
11106.206	0.07785234899
11097.205	0.07684563758
11088.205	0.08271812081
11079.205	0.07953020134
11070.205	0.08003355705
11061.205	0.08406040268
11052.205	0.08070469799
11043.204	0.07734899329
11034.204	0.07953020134
11025.204	0.08993288591
11016.204	0.07701342282
11007.204	0.07936241611
10998.204	0.08187919463
10989.203	0.07063758389
10980.203	0.0860738255
10971.203	0.09463087248
10962.203	0.08523489933
10953.203	0.08741610738
10944.203	0.08120805369
10935.202	0.09043624161
10926.202	0.08640939597
10917.202	0.07919463087
10908.202	0.09463087248
10899.202	0.08389261745
10890.202	0.08271812081
10881.201	0.08741610738
10872.201	0.09194630872
10863.201	0.08909395973
10854.201	0.08791946309
10845.201	0.09312080537
10836.201	0.08993288591
10827.2	0.09345637584
10818.2	0.0961409396
10809.2	0.08976510067
10800.2	0.09395973154
10791.2	0.0889261745
10782.2	0.09379194631
10773.199	0.08859060403
10764.199	0.09832214765
10755.199	0.09161073826
10746.199	0.08976510067
10737.199	0.09781879195
10728.199	0.08909395973
10719.198	0.09295302013
10710.198	0.09697986577
10701.198	0.0966442953
10692.198	0.09244966443
10683.198	0.09597315436
10674.198	0.09261744966
10665.197	0.1006711409
10656.197	0.09496644295
10647.197	0.09244966443
10638.197	0.0966442953
10629.197	0.09697986577
10620.197	0.0966442953
10611.196	0.1020134228
10602.196	0.102852349
10593.196	0.1067114094
10584.196	0.09848993289
10575.196	0.1
10566.196	0.09932885906
10557.195	0.09966442953
10548.195	0.09916107383
10539.195	0.09916107383
10530.195	0.09026845638
10521.195	0.1033557047
10512.195	0.1033557047
10503.194	0.09630872483
10494.194	0.1021812081
10485.194	0.1015100671
10476.194	0.1005033557
10467.194	0.1016778523
10458.194	0.1043624161
10449.193	0.0961409396
10440.193	0.1035234899
10431.193	0.1036912752
10422.193	0.1077181208
10413.193	0.1063758389
10404.193	0.09966442953
10395.192	0.1102348993
10386.192	0.1020134228
10377.192	0.1055369128
10368.192	0.1132550336
10359.192	0.1093959732
10350.192	0.1013422819
10341.191	0.1110738255
10332.191	0.1090604027
10323.191	0.1166107383
10314.191	0.1006711409
10305.191	0.117114094
10296.191	0.108557047
10287.19	0.1134228188
10278.19	0.1073825503
10269.19	0.1020134228
10260.19	0.1112416107
10251.19	0.1169463087
10242.19	0.1040268456
10233.189	0.1124161074
10224.189	0.1169463087
10215.189	0.1149328859
10206.189	0.1145973154
10197.189	0.1144295302
10188.189	0.117114094
10179.188	0.117114094
10170.188	0.1223154362
10161.188	0.1156040268
10152.188	0.1194630872
10143.188	0.108557047
10134.188	0.1186241611
10125.187	0.114261745
10116.187	0.1216442953
10107.187	0.1167785235
10098.187	0.122147651
10089.187	0.1129194631
10080.187	0.1211409396
10071.186	0.1182885906
10062.186	0.1260067114
10053.186	0.1283557047
10044.186	0.1315436242
10035.186	0.1238255034
10026.186	0.1263422819
10017.185	0.1350671141
10008.185	0.1347315436
9999.185	0.1182885906
9990.185	0.1246644295
9981.185	0.125
9972.185	0.1203020134
9963.184	0.1286912752
9954.184	0.1236577181
9945.184	0.1218120805
9936.184	0.1359060403
9927.184	0.1291946309
9918.184	0.1214765101
9909.183	0.1265100671
9900.183	0.1380872483
9891.183	0.141442953
9882.183	0.1244966443
9873.183	0.1395973154
9864.183	0.1380872483
9855.182	0.1322147651
9846.182	0.138590604
9837.182	0.1313758389
9828.182	0.1325503356
9819.182	0.1362416107
9810.182	0.1389261745
9801.181	0.1406040268
9792.181	0.1317114094
9783.181	0.142114094
9774.181	0.1431208054
9765.181	0.1340604027
9756.181	0.1337248322
9747.18	0.1315436242
9738.18	0.1342281879
9729.18	0.1281879195
9720.18	0.1401006711
9711.18	0.1317114094
9702.18	0.1463087248
9693.179	0.1434563758
9684.179	0.1401006711
9675.179	0.1437919463
9666.179	0.1401006711
9657.179	0.1350671141
9648.179	0.1429530201
9639.178	0.1374161074
9630.178	0.1332214765
9621.178	0.1338926174
9612.178	0.1481543624
9603.178	0.1453020134
9594.178	0.144966443
9585.177	0.1397651007
9576.177	0.1444630872
9567.177	0.1520134228
9558.177	0.1538590604
9549.177	0.1406040268
9540.177	0.1422818792
9531.176	0.1489932886
9522.176	0.1515100671
9513.176	0.1520134228
9504.176	0.1503355705
9495.176	0.1501677852
9486.176	0.1521812081
9477.175	0.1427852349
9468.175	0.1562080537
9459.175	0.1476510067
9450.175	0.1486577181
9441.175	0.1473154362
9432.175	0.1453020134
9423.174	0.1493288591
9414.174	0.1474832215
9405.174	0.1523489933
9396.174	0.1536912752
9387.174	0.1555369128
9378.174	0.1563758389
9369.173	0.1498322148
9360.173	0.1535234899
9351.173	0.1553691275
9342.173	0.1496644295
9333.173	0.1397651007
9324.173	0.1503355705
9315.172	0.1503355705
9306.172	0.1553691275
9297.172	0.1602348993
9288.172	0.1506711409
9279.172	0.161409396
9270.172	0.1530201342
9261.171	0.1570469799
9252.171	0.1612416107
9243.171	0.1468120805
9234.171	0.1501677852
9225.171	0.1560402685
9216.171	0.152852349
9207.17	0.1590604027
9198.17	0.1536912752
9189.17	0.1567114094
9180.17	0.1622483221
9171.17	0.1530201342
9162.17	0.1511744966
9153.169	0.161409396
9144.169	0.1538590604
9135.169	0.1605704698
9126.169	0.1661073826
9117.169	0.1652684564
9108.169	0.1609060403
9099.168	0.1572147651
9090.168	0.15
9081.168	0.1630872483
9072.168	0.1503355705
9063.168	0.1538590604
9054.168	0.1510067114
9045.167	0.155033557
9036.167	0.1588926174
9027.167	0.1602348993
9018.167	0.1520134228
9009.167	0.1506711409
9000.167	0.1577181208
8991.166	0.1597315436
8982.166	0.1640939597
8973.166	0.1612416107
8964.166	0.1546979866
8955.166	0.1530201342
8946.166	0.1592281879
8937.165	0.1629194631
8928.165	0.1535234899
8919.165	0.1592281879
8910.165	0.1573825503
8901.165	0.1558724832
8892.165	0.1609060403
8883.164	0.1491610738
8874.164	0.1682885906
8865.164	0.1573825503
8856.164	0.1501677852
8847.164	0.1605704698
8838.164	0.1583892617
8829.163	0.1526845638
8820.163	0.1525167785
8811.163	0.1565436242
8802.163	0.1649328859
8793.163	0.1647651007
8784.163	0.1659395973
8775.162	0.1558724832
8766.162	0.1541946309
8757.162	0.1627516779
8748.162	0.1536912752
8739.162	0.1533557047
8730.162	0.1541946309
8721.161	0.1565436242
8712.161	0.1604026846
8703.161	0.1632550336
8694.161	0.1681208054
8685.161	0.1558724832
8676.161	0.1632550336
8667.16	0.1567114094
8658.16	0.1595637584
8649.16	0.1530201342
8640.16	0.1496644295
8631.16	0.1617449664
8622.16	0.163590604
8613.159	0.1639261745
8604.159	0.166442953
8595.159	0.1546979866
8586.159	0.1508389262
8577.159	0.1541946309
8568.159	0.1518456376
8559.158	0.1583892617
8550.158	0.1617449664
8541.158	0.1515100671
8532.158	0.155704698
8523.158	0.1538590604
8514.158	0.1560402685
8505.157	0.1625838926
8496.157	0.1523489933
8487.157	0.1620805369
8478.157	0.1604026846
8469.157	0.1590604027
8460.157	0.167114094
8451.156	0.1682885906
8442.156	0.157885906
8433.156	0.152852349
8424.156	0.15
8415.156	0.1434563758
8406.156	0.1625838926
8397.155	0.1629194631
8388.155	0.1525167785
8379.155	0.1508389262
8370.155	0.1595637584
8361.155	0.1612416107
8352.155	0.1543624161
8343.154	0.1479865772
8334.154	0.1582214765
8325.154	0.1625838926
8316.154	0.1535234899
8307.154	0.152852349
8298.154	0.15
8289.153	0.1577181208
8280.153	0.1583892617
8271.153	0.1546979866
8262.153	0.1634228188
8253.153	0.1604026846
8244.153	0.1583892617
8235.152	0.1515100671
8226.152	0.1560402685
8217.152	0.1622483221
8208.152	0.1558724832
8199.152	0.1686241611
8190.152	0.1454697987
8181.151	0.1540268456
8172.151	0.1548657718
8163.151	0.1498322148
8154.151	0.1563758389
8145.151	0.1491610738
8136.151	0.1484899329
8127.15	0.164261745
8118.15	0.1533557047
8109.15	0.1570469799
8100.15	0.1602348993
8091.15	0.1543624161
8082.15	0.1610738255
8073.149	0.1565436242
8064.149	0.1540268456
8055.149	0.155704698
8046.149	0.1503355705
8037.149	0.1580536913
8028.149	0.1575503356
8019.148	0.1416107383
8010.148	0.1531879195
8001.148	0.1545302013
7992.148	0.1439597315
7983.148	0.1496644295
7974.148	0.1483221477
7965.147	0.1548657718
7956.147	0.1516778523
7947.147	0.1548657718
7938.147	0.1441275168
7929.147	0.1533557047
7920.147	0.1503355705
7911.146	0.1484899329
7902.146	0.1572147651
7893.146	0.1518456376
7884.146	0.1541946309
7875.146	0.1494966443
7866.146	0.1496644295
7857.145	0.1498322148
7848.145	0.1483221477
7839.145	0.1543624161
7830.145	0.1506711409
7821.145	0.1659395973
7812.145	0.1540268456
7803.144	0.1439597315
7794.144	0.1429530201
7785.144	0.1474832215
7776.144	0.1406040268
7767.144	0.1479865772
7758.144	0.1565436242
7749.143	0.1447986577
7740.143	0.1531879195
7731.143	0.1570469799
7722.143	0.1481543624
7713.143	0.1548657718
7704.143	0.1501677852
7695.142	0.1548657718
7686.142	0.1525167785
7677.142	0.1427852349
7668.142	0.1545302013
7659.142	0.1546979866
7650.142	0.1474832215
7641.141	0.1553691275
7632.141	0.1552013423
7623.141	0.1533557047
7614.141	0.1560402685
7605.141	0.1521812081
7596.141	0.1605704698
7587.14	0.1476510067
7578.14	0.1511744966
7569.14	0.1593959732
7560.14	0.15
7551.14	0.157885906
7542.14	0.1525167785
7533.139	0.1535234899
7524.139	0.1563758389
7515.139	0.1592281879
7506.139	0.1575503356
7497.139	0.1535234899
7488.139	0.1484899329
7479.138	0.1486577181
7470.138	0.1567114094
7461.138	0.1567114094
7452.138	0.1573825503
7443.138	0.1610738255
7434.138	0.1531879195
7425.137	0.1536912752
7416.137	0.1535234899
7407.137	0.1630872483
7398.137	0.161409396
7389.137	0.157885906
7380.137	0.1587248322
7371.136	0.1640939597
7362.136	0.1568791946
7353.136	0.1612416107
7344.136	0.1696308725
7335.136	0.1640939597
7326.136	0.1565436242
7317.135	0.1572147651
7308.135	0.1619127517
7299.135	0.1570469799
7290.135	0.1602348993
7281.135	0.1666107383
7272.135	0.1533557047
7263.134	0.1651006711
7254.134	0.1677852349
7245.134	0.1545302013
7236.134	0.1731543624
7227.134	0.163590604
7218.134	0.1746644295
7209.133	0.1598993289
7200.133	0.1573825503
7191.133	0.1632550336
7182.133	0.1602348993
7173.133	0.1637583893
7164.133	0.1609060403
7155.132	0.1696308725
7146.132	0.1600671141
7137.132	0.1615771812
7128.132	0.1647651007
7119.132	0.1617449664
7110.132	0.1593959732
7101.131	0.1630872483
7092.131	0.1637583893
7083.131	0.1634228188
7074.131	0.1656040268
7065.131	0.1627516779
7056.131	0.1640939597
7047.13	0.1708053691
7038.13	0.1741610738
7029.13	0.152852349
7020.13	0.166442953
7011.13	0.1677852349
7002.13	0.1686241611
6993.129	0.166442953
6984.129	0.1734899329
6975.129	0.1716442953
6966.129	0.164261745
6957.129	0.169966443
6948.129	0.1696308725
6939.128	0.1622483221
6930.128	0.1677852349
6921.128	0.1687919463
6912.128	0.1600671141
6903.128	0.1691275168
6894.128	0.1649328859
6885.127	0.1629194631
6876.127	0.169295302
6867.127	0.1605704698
6858.127	0.172147651
6849.127	0.1793624161
6840.127	0.175
6831.126	0.1758389262
6822.126	0.1723154362
6813.126	0.1791946309
6804.126	0.1744966443
6795.126	0.175
6786.126	0.1843959732
6777.125	0.1729865772
6768.125	0.1669463087
6759.125	0.1726510067
6750.125	0.1640939597
6741.125	0.1609060403
6732.125	0.1771812081
6723.124	0.1830536913
6714.124	0.1739932886
6705.124	0.1758389262
6696.124	0.1738255034
6687.124	0.1734899329
6678.124	0.172147651
6669.123	0.1781879195
6660.123	0.1751677852
6651.123	0.1723154362
6642.123	0.1706375839
6633.123	0.1810402685
6624.123	0.1748322148
6615.122	0.1733221477
6606.122	0.1726510067
6597.122	0.1684563758
6588.122	0.1805369128
6579.122	0.1793624161
6570.122	0.1776845638
6561.121	0.1803691275
6552.121	0.1753355705
6543.121	0.1703020134
6534.121	0.1706375839
6525.121	0.1793624161
6516.121	0.1738255034
6507.12	0.1716442953
6498.12	0.1743288591
6489.12	0.1718120805
6480.12	0.157885906
6471.12	0.1706375839
6462.12	0.1781879195
6453.119	0.1645973154
6444.119	0.1756711409
6435.119	0.1694630872
6426.119	0.1813758389
6417.119	0.1768456376
6408.119	0.1743288591
6399.118	0.1691275168
6390.118	0.182885906
6381.118	0.1802013423
6372.118	0.1758389262
6363.118	0.1713087248
6354.118	0.1840604027
6345.117	0.1686241611
6336.117	0.1704697987
6327.117	0.1786912752
6318.117	0.1713087248
6309.117	0.1810402685
6300.117	0.1674496644
6291.116	0.1773489933
6282.116	0.1803691275
6273.116	0.169966443
6264.116	0.1776845638
6255.116	0.1837248322
6246.116	0.1746644295
6237.115	0.1775167785
6228.115	0.1882550336
6219.115	0.189261745
6210.115	0.1756711409
6201.115	0.1738255034
6192.115	0.1793624161
6183.114	0.1753355705
6174.114	0.1748322148
6165.114	0.1820469799
6156.114	0.1773489933
6147.114	0.1716442953
6138.114	0.1669463087
6129.113	0.1805369128
6120.113	0.1763422819
6111.113	0.1766778523
6102.113	0.1701342282
6093.113	0.1669463087
6084.113	0.1830536913
6075.112	0.1788590604
6066.112	0.1748322148
6057.112	0.1770134228
6048.112	0.1832214765
6039.112	0.1719798658
6030.112	0.1796979866
6021.111	0.1687919463
6012.111	0.1736577181
6003.111	0.1701342282
5994.111	0.1842281879
5985.111	0.1748322148
5976.111	0.1765100671
5967.11	0.1822147651
5958.11	0.1773489933
5949.11	0.1773489933
5940.11	0.1729865772
5931.11	0.1795302013
5922.11	0.1731543624
5913.109	0.169295302
5904.109	0.1773489933
5895.109	0.1763422819
5886.109	0.1718120805
5877.109	0.1744966443
5868.109	0.185738255
5859.108	0.1798657718
5850.108	0.175
5841.108	0.1604026846
5832.108	0.1694630872
5823.108	0.1686241611
5814.108	0.1696308725
5805.107	0.1771812081
5796.107	0.166442953
5787.107	0.1674496644
5778.107	0.1719798658
5769.107	0.1724832215
5760.107	0.1684563758
5751.106	0.1729865772
5742.106	0.1753355705
5733.106	0.1771812081
5724.106	0.1716442953
5715.106	0.1761744966
5706.106	0.1701342282
5697.105	0.1701342282
5688.105	0.1701342282
5679.105	0.1682885906
5670.105	0.1709731544
5661.105	0.1645973154
5652.105	0.1634228188
5643.104	0.1679530201
5634.104	0.1733221477
5625.104	0.1765100671
5616.104	0.1697986577
5607.104	0.175
5598.104	0.1786912752
5589.103	0.163590604
5580.103	0.1669463087
5571.103	0.164261745
5562.103	0.1734899329
5553.103	0.1666107383
5544.103	0.175
5535.102	0.1748322148
5526.102	0.1682885906
5517.102	0.1701342282
5508.102	0.1627516779
5499.102	0.1713087248
5490.102	0.1723154362
5481.101	0.1741610738
5472.101	0.1724832215
5463.101	0.1741610738
5454.101	0.1609060403
5445.101	0.169966443
5436.101	0.1691275168
5427.1	0.1713087248
5418.1	0.1714765101
5409.1	0.1697986577
5400.1	0.1644295302
5391.1	0.1744966443
5382.1	0.1758389262
5373.099	0.1617449664
5364.099	0.1703020134
5355.099	0.1654362416
5346.099	0.163590604
5337.099	0.1812080537
5328.099	0.1724832215
5319.098	0.1682885906
5310.098	0.1718120805
5301.098	0.1726510067
5292.098	0.1652684564
5283.098	0.1682885906
5274.098	0.1639261745
5265.097	0.1785234899
5256.097	0.1649328859
5247.097	0.1629194631
5238.097	0.1647651007
5229.097	0.1676174497
5220.097	0.1691275168
5211.096	0.167114094
5202.096	0.1630872483
5193.096	0.163590604
5184.096	0.1687919463
5175.096	0.161409396
5166.096	0.167114094
5157.095	0.1577181208
5148.095	0.1560402685
5139.095	0.1644295302
5130.095	0.1553691275
5121.095	0.1645973154
5112.095	0.155033557
5103.094	0.158557047
5094.094	0.1684563758
5085.094	0.1647651007
5076.094	0.1558724832
5067.094	0.1536912752
5058.094	0.1593959732
5049.093	0.157885906
5040.093	0.1659395973
5031.093	0.1640939597
5022.093	0.1587248322
5013.093	0.1583892617
5004.093	0.1590604027
4995.092	0.1604026846
4986.092	0.1530201342
4977.092	0.1553691275
4968.092	0.1659395973
4959.092	0.1536912752
4950.092	0.1516778523
4941.091	0.1531879195
4932.091	0.1555369128
4923.091	0.1546979866
4914.091	0.1521812081
4905.091	0.1677852349
4896.091	0.1503355705
4887.09	0.1468120805
4878.09	0.1604026846
4869.09	0.1577181208
4860.09	0.1520134228
4851.09	0.152852349
4842.09	0.1476510067
4833.089	0.1397651007
4824.089	0.1560402685
4815.089	0.1493288591
4806.089	0.1439597315
4797.089	0.1486577181
4788.089	0.152852349
4779.088	0.1493288591
4770.088	0.1432885906
4761.088	0.1505033557
4752.088	0.1468120805
4743.088	0.144966443
4734.088	0.1488255034
4725.087	0.1374161074
4716.087	0.1488255034
4707.087	0.1348993289
4698.087	0.139261745
4689.087	0.1427852349
4680.087	0.1429530201
4671.086	0.1367449664
4662.086	0.1384228188
4653.086	0.1338926174
4644.086	0.1347315436
4635.086	0.1407718121
4626.086	0.1295302013
4617.085	0.1380872483
4608.085	0.144295302
4599.085	0.130033557
4590.085	0.1348993289
4581.085	0.1320469799
4572.085	0.1384228188
4563.084	0.1161073826
4554.084	0.1315436242
4545.084	0.1283557047
4536.084	0.1228187919
4527.084	0.1208053691
4518.084	0.1206375839
4509.083	0.1194630872
4500.083	0.1359060403
4491.083	0.1187919463
4482.083	0.1234899329
4473.083	0.1197986577
4464.083	0.122147651
4455.082	0.1120805369
4446.082	0.1127516779
4437.082	0.1097315436
4428.082	0.1087248322
4419.082	0.1077181208
4410.082	0.111409396
4401.081	0.111409396
4392.081	0.1090604027
4383.081	0.1147651007
4374.081	0.1068791946
4365.081	0.0994966443
4356.081	0.1026845638
4347.08	0.1077181208
4338.08	0.110738255
4329.08	0.09832214765
4320.08	0.09647651007
4311.08	0.1026845638
4302.08	0.09899328859
4293.079	0.09748322148
4284.079	0.09630872483
4275.079	0.08976510067
4266.079	0.09446308725
4257.079	0.09429530201
4248.079	0.1018456376
4239.078	0.08976510067
4230.078	0.0932885906
4221.078	0.09513422819
4212.078	0.08909395973
4203.078	0.08808724832
4194.078	0.09228187919
4185.077	0.08456375839
4176.077	0.08859060403
4167.077	0.08573825503
4158.077	0.08657718121
4149.077	0.09144295302
4140.077	0.08372483221
4131.076	0.08187919463
4122.076	0.08758389262
4113.076	0.08456375839
4104.076	0.08674496644
4095.076	0.0855704698
4086.076	0.07701342282
4077.075	0.08003355705
4068.075	0.08338926174
4059.075	0.07718120805
4050.075	0.08120805369
4041.075	0.07818791946
4032.075	0.08406040268
4023.074	0.08456375839
4014.074	0.07533557047
4005.074	0.0783557047
3996.074	0.07432885906
3987.074	0.07667785235
3978.074	0.08070469799
3969.073	0.07802013423
3960.073	0.07902684564
3951.073	0.07416107383
3942.073	0.07265100671
3933.073	0.07248322148
3924.073	0.07617449664
3915.072	0.08573825503
3906.072	0.07416107383
3897.072	0.07466442953
3888.072	0.075
3879.072	0.07046979866
3870.072	0.0783557047
3861.071	0.06493288591
3852.071	0.07432885906
3843.071	0.07382550336
3834.071	0.07130872483
3825.071	0.07281879195
3816.071	0.07013422819
3807.07	0.06946308725
3798.07	0.06593959732
3789.07	0.06744966443
3780.07	0.06862416107
3771.07	0.07533557047
3762.07	0.07231543624
3753.069	0.06879194631
3744.069	0.06912751678
3735.069	0.07030201342
3726.069	0.06593959732
3717.069	0.06526845638
3708.069	0.06627516779
3699.068	0.06677852349
3690.068	0.06912751678
3681.068	0.07013422819
3672.068	0.06979865772
3663.068	0.06526845638
3654.068	0.0682885906
3645.067	0.06510067114
3636.067	0.06795302013
3627.067	0.06644295302
3618.067	0.06946308725
3609.067	0.07030201342
3600.067	0.06946308725
3591.066	0.07080536913
3582.066	0.07147651007
3573.066	0.0682885906
3564.066	0.06728187919
3555.066	0.07248322148
3546.066	0.06375838926
3537.065	0.06375838926
3528.065	0.06493288591
3519.065	0.06895973154
3510.065	0.06744966443
3501.065	0.06879194631
3492.065	0.07248322148
3483.064	0.06728187919
3474.064	0.06879194631
3465.064	0.06996644295
3456.064	0.06610738255
3447.064	0.06963087248
3438.064	0.06593959732
3429.063	0.06644295302
3420.063	0.07046979866
3411.063	0.0711409396
3402.063	0.07248322148
3393.063	0.06593959732
3384.063	0.0682885906
3375.062	0.0639261745
3366.062	0.06694630872
3357.062	0.06711409396
3348.062	0.06677852349
3339.062	0.06879194631
3330.062	0.07332214765
3321.061	0.06526845638
3312.061	0.06711409396
3303.061	0.06191275168
3294.061	0.06912751678
3285.061	0.06426174497
3276.061	0.06711409396
3267.06	0.06610738255
3258.06	0.07063758389
3249.06	0.07197986577
3240.06	0.06543624161
3231.06	0.06342281879
3222.06	0.07583892617
3213.059	0.06677852349
3204.059	0.06963087248
3195.059	0.07231543624
3186.059	0.06963087248
3177.059	0.0682885906
3168.059	0.06996644295
3159.058	0.07013422819
3150.058	0.06510067114
3141.058	0.07030201342
3132.058	0.06979865772
3123.058	0.07063758389
3114.058	0.07231543624
3105.057	0.06627516779
3096.057	0.07147651007
3087.057	0.07869127517
3078.057	0.07097315436
3069.057	0.07348993289
3060.057	0.06543624161
3051.056	0.07046979866
3042.056	0.07382550336
3033.056	0.06895973154
3024.056	0.06677852349
3015.056	0.06895973154
3006.056	0.0677852349
2997.055	0.06543624161
2988.055	0.06426174497
2979.055	0.0644295302
2970.055	0.06577181208
2961.055	0.07365771812
2952.055	0.0677852349
2943.054	0.06744966443
2934.054	0.0682885906
2925.054	0.07567114094
2916.054	0.07197986577
2907.054	0.0711409396
2898.054	0.06728187919
2889.053	0.06426174497
2880.053	0.06812080537
2871.053	0.06912751678
2862.053	0.06929530201
2853.053	0.06744966443
2844.053	0.06929530201
2835.052	0.06526845638
2826.052	0.06795302013
2817.052	0.06812080537
2808.052	0.0682885906
2799.052	0.07046979866
2790.052	0.06929530201
2781.051	0.06929530201
2772.051	0.0644295302
2763.051	0.06979865772
2754.051	0.06644295302
2745.051	0.06979865772
2736.051	0.07651006711
2727.05	0.07399328859
2718.05	0.06795302013
2709.05	0.07617449664
2700.05	0.06761744966
2691.05	0.07080536913
2682.05	0.07348993289
2673.049	0.0682885906
2664.049	0.0682885906
2655.049	0.07181208054
2646.049	0.06812080537
2637.049	0.06812080537
2628.049	0.07466442953
2619.048	0.07298657718
2610.048	0.06593959732
2601.048	0.0716442953
2592.048	0.06174496644
2583.048	0.07046979866
2574.048	0.07281879195
2565.047	0.0682885906
2556.047	0.06627516779
2547.047	0.06577181208
2538.047	0.07281879195
2529.047	0.06744966443
2520.047	0.06812080537
2511.046	0.07231543624
2502.046	0.06963087248
2493.046	0.07298657718
2484.046	0.0711409396
2475.046	0.0755033557
2466.046	0.07181208054
2457.045	0.06694630872
2448.045	0.07567114094
2439.045	0.07265100671
2430.045	0.07197986577
2421.045	0.06845637584
2412.045	0.07298657718
2403.044	0.06409395973
2394.044	0.075
2385.044	0.0682885906
2376.044	0.07063758389
2367.044	0.07533557047
2358.044	0.06812080537
2349.043	0.06929530201
2340.043	0.07214765101
2331.043	0.07634228188
2322.043	0.06979865772
2313.043	0.07147651007
2304.043	0.07030201342
2295.042	0.06812080537
2286.042	0.06711409396
2277.042	0.0711409396
2268.042	0.07130872483
2259.042	0.0644295302
2250.042	0.06862416107
2241.041	0.07214765101
2232.041	0.06728187919
2223.041	0.07063758389
2214.041	0.07432885906
2205.041	0.06946308725
2196.041	0.06979865772
2187.04	0.06963087248
2178.04	0.07583892617
2169.04	0.075
2160.04	0.0788590604
2151.04	0.06711409396
2142.04	0.0744966443
2133.039	0.06996644295
2124.039	0.07231543624
2115.039	0.07030201342
2106.039	0.07533557047
2097.039	0.07265100671
2088.039	0.0788590604
2079.038	0.08003355705
2070.038	0.06912751678
2061.038	0.06744966443
2052.038	0.07046979866
2043.038	0.07348993289
2034.038	0.0711409396
2025.037	0.06476510067
2016.037	0.07265100671
2007.037	0.07332214765
1998.037	0.06661073826
1989.037	0.0744966443
1980.037	0.07382550336
1971.036	0.06845637584
1962.036	0.07332214765
1953.036	0.07030201342
1944.036	0.0677852349
1935.036	0.07382550336
1926.036	0.07399328859
1917.035	0.06996644295
1908.035	0.07483221477
1899.035	0.06879194631
1890.035	0.07315436242
1881.035	0.07432885906
1872.035	0.07097315436
1863.034	0.06409395973
1854.034	0.06845637584
1845.034	0.06610738255
1836.034	0.07097315436
1827.034	0.07214765101
1818.034	0.07248322148
1809.033	0.07147651007
1800.033	0.07265100671
1791.033	0.06795302013
1782.033	0.07516778523
1773.033	0.07030201342
1764.033	0.06208053691
1755.032	0.06208053691
1746.032	0.06476510067
1737.032	0.06560402685
1728.032	0.05973154362
1719.032	0.05755033557
1710.032	0.06291946309
1701.031	0.06191275168
1692.031	0.05553691275
1683.031	0.05939597315
1674.031	0.04848993289
1665.031	0.05520134228
1656.031	0.05536912752
1647.03	0.05285234899
1638.03	0.05067114094
1629.03	0.04983221477
1620.03	0.04966442953
1611.03	0.04882550336
1602.03	0.04932885906
1593.029	0.04161073826
1584.029	0.04916107383
1575.029	0.04244966443
1566.029	0.04530201342
1557.029	0.04463087248
1548.029	0.03791946309
1539.028	0.03909395973
1530.028	0.04127516779
1521.028	0.04043624161
1512.028	0.03741610738
1503.028	0.03775167785
1494.028	0.03825503356
1485.027	0.03842281879
1476.027	0.03825503356
1467.027	0.03154362416
1458.027	0.03624161074
1449.027	0.03187919463
1440.027	0.0322147651
1431.026	0.03238255034
1422.026	0.03255033557
1413.026	0.03036912752
1404.026	0.02684563758
1395.026	0.03020134228
1386.026	0.02583892617
1377.025	0.03070469799
1368.025	0.03355704698
1359.025	0.03036912752
1350.025	0.03003355705
1341.025	0.02986577181
1332.025	0.02869127517
1323.024	0.02785234899
1314.024	0.03053691275
1305.024	0.02617449664
1296.024	0.0283557047
1287.024	0.02751677852
1278.024	0.02734899329
1269.023	0.02667785235
1260.023	0.02533557047
1251.023	0.02600671141
1242.023	0.02785234899
1233.023	0.02382550336
1224.023	0.02382550336
1215.022	0.02265100671
1206.022	0.02936241611
1197.022	0.02600671141
1188.022	0.02667785235
1179.022	0.02365771812
1170.022	0.02281879195
1161.021	0.025
1152.021	0.02634228188
1143.021	0.02718120805
1134.021	0.02130872483
1125.021	0.02567114094
1116.021	0.02265100671
1107.02	0.02332214765
1098.02	0.0211409396
1089.02	0.02147651007
1080.02	0.01560402685
1071.02	0.01879194631
1062.02	0.01862416107
1053.019	0.01610738255
1044.019	0.02013422819
1035.019	0.02013422819
1026.019	0.01526845638
1017.019	0.01795302013
1008.019	0.01644295302
999.018	0.0177852349
990.018	0.01577181208
981.018	0.01174496644
972.018	0.01426174497
963.018	0.01644295302
954.018	0.01510067114
945.017	0.01610738255
936.017	0.01409395973
927.017	0.01493288591
918.017	0.01543624161
909.017	0.01375838926
900.017	0.01073825503
891.016	0.01409395973
882.016	0.01275167785
873.016	0.01291946309
864.016	0.01275167785
855.016	0.01627516779
846.016	0.01224832215
837.015	0.01224832215
828.015	0.0139261745
819.015	0.01241610738
810.015	0.01208053691
801.015	0.01258389262
792.015	0.01191275168
783.014	0.01023489933
774.014	0.01157718121
765.014	0.01224832215
756.014	0.009228187919
747.014	0.01090604027
738.014	0.01073825503
729.013	0.01191275168
720.013	0.008053691275
711.013	0.01308724832
702.013	0.009395973154
693.013	0.009899328859
684.013	0.01090604027
675.012	0.00755033557
666.012	0.01040268456
657.012	0.01224832215
648.012	0.01040268456
639.012	0.0105704698
630.012	0.01090604027
621.011	0.01157718121
612.011	0.0105704698
603.011	0.01090604027
594.011	0.008724832215
585.011	0.009899328859
576.011	0.00822147651
567.01	0.01040268456
558.01	0.008389261745
549.01	0.009060402685
540.01	0.01090604027
531.01	0.009899328859
522.01	0.01006711409
513.009	0.01258389262
504.009	0.01073825503
495.009	0.00889261745
486.009	0.007046979866
477.009	0.008053691275
468.009	0.007718120805
459.008	0.00822147651
450.008	0.008053691275
441.008	0.006879194631
432.008	0.005033557047
423.008	0.006879194631
414.008	0.004530201342
405.007	0.005536912752
396.007	0.004697986577
387.007	0.005033557047
378.007	0.004697986577
369.007	0.003859060403
360.007	0.002684563758
351.006	0.002516778523
342.006	0.002181208054
333.006	0.001510067114
324.006	0.001174496644
315.006	0.001006711409
306.006	0.0008389261745
297.005	0.001342281879
288.005	0.0001677852349
279.005	0.0008389261745
270.005	0.0003355704698
261.005	0.0005033557047
252.005	0.0003355704698
243.004	0.0001677852349
234.004	0.0001677852349
225.004	0.0001677852349
216.004	0
207.004	0
198.004	0.0001677852349
189.003	0
180.003	0.0001677852349
171.003	0.0001677852349
162.003	0
153.003	0
144.003	0.0001677852349
135.002	0.0001677852349
126.002	0
117.002	0.0001677852349
108.002	0.0001677852349
99.002	0
90.002	0
81.001	0
72.001	0.0001677852349
63.001	0
54.001	0
45.001	0.0001677852349
36.001	0
27	0
18	0
9	0
0	0.0001677852349
	
	
	
	
	
	
	
	
	
	
	
	
	
	
	
	
	
	
	
	
	
	
	
	
	
	
	
	
	
	
	
	
	
	
	
	
	
	
	
	
	
	
	
	
	
	
	
	
	
	
	
	
	
	
	
	
	
	
	
	
	
	
	
	
	
	
	
	
	
	
	
	
	
	
	
	
	
	
	
	
	
	
	
	
	
	
	
	
	
	
	
	
	
	
	
	
	
	
	
	
	
	
	
	
	
	
	
	
	
	
	
	
	
	
	
	
	
	
	
	
	
	
	
	
	
	
	
	
	
	
	
	
	
	
	
	
	
	
	
	
	
	
	
	
	
	
	
	
	
	
	
	
	
	
	
	
	
	
	
	
	
	
	
	
	
	
	
	
	
	
	
	
	
	
	
	
	
	
	
	
	
	
	
	
	
	
	
	
	
	
	
	
	
	
	
	
	
	
	
	
	
	
	
	
	
	
	
	
	
	
	
	
	
	
	
	
	
	
	
	
	
	
	
	
	
	
	
	
	
	
	
	
	
	
	
	
	
	
	
	
	
	
	
	
	
	
	
	
	
	
	
	
	
	
	
	
	
	
	
	
	
	
	
	
	
	
	
	
	
	
	
	
	
	
	
	
	
	
	
	
	
	
	
	
	
	
	
	
	
	
	
	
	
	
	
	
	
	
	
	
	
	
	
	
	
	
	
	
	
	
	
	
	
	
	
	
	
	
	
	
	
	
	
	
	
	
	
	
	
	
	
	
	
	
	
	
	
	
	
	
	
	
	
	
	
	
	
	
	
	
	
	
	
	
	
	
	
	
	
	
	
	
	
	
	
	
	
	
	
	
	
	
	
	
	
	
	
	
	
	
	
	
	
	
	
	
	
	
	
	
	
	
	
	
	
	
	
	
	
	
	
	
	
	
	
	
	
	
	
	
	
	
	
	
	
	
	
	
	
	
	
	
	
	
	
	
	
	
	
	
	
	
	
	
	
	
	
	
	
	
	
	
	
	
	
	
	
	
	
	
	
	
	
	
	
	
	
	
	
	
	
	
	
	
	
	
	
	
	
	
	
	
	
	
	
	
	
	
	
	
	
	
	
	
	
	
	
	
	
	
	
	
	
	
	
	
	
	
	
	
	
	
	
	
	
	
	
	
	
	
	
	
	
	
	
	
	
	
	
	
	
	
	
	
	
	
	
	
	
	
	
	
	
	
	
	
	
	
	
	
	
	
	
	
	
	
	
	
	
	
	
	
	
	
	
	
	
	
	
	
	
	
	
	
	
	
	
	
	
	
	
	
	
	
	
	
	
	
	
	
	
	
	
	
	
	
	
	
	
	
	
	
	
	
	
	
	
	
	
	
	
	
	
	
	
	
	
	
	
	
	
	
	
	
	
	
	
	
	
	
	
	
	
	
	
	
	
	
	
	
	
	
	
	
	
	
	
	
	
	
	
	
	
	
	
	
	
	
	
	
	
	
	
	
	
	
	
	
	
	
	
	
	
	
	
	
	
	
	
	
	
	
	
	
	
	
	
	
	
	
	
	
	
	
	
	
	
	
	
	
	
	
	
	
	
	
	
	
	
	
	
	
	
	
	
	
	
	
	
	
	
	
	
	
	
	
	
	
	
	
	
	
	
	
	
	
	
	
	
	
	
	
	
	
	
	
	
	
	
	
	
	
	
	
	
	
	
	
	
	
	
	
	
	
	
	
	
	
	
	
	
	
	
	
	
	
	
	
	
	
	
	
	
	
	
	
	
	
	
	
	
	
	
	
	
	
	
	
	
	
	
	
	
	
	
	
	
	
	
	
	
	
	
	
	
	
	
	
	
	
	
	
	
	
	
	
	
	
	
	
	
	
	
	
	
	
	
	
	
	
	
	
	
	
	
	
	
	
	
	
	
	
	
	
	
	
	
	
	
	
	
	
	
	
	
	
	
	
	
	
	
	
	
	
	
	
	
	
	
	
	
	
	
	
	
	
	
	
	
	
	
	
	
	
	
	
	
	
	
	
	
	
	
	
	
	
	
	
	
	
	
	
	
	
	
	
	
	
	
	
	
	
	
	
	
	
	
	
	
	
	
	
	
	
	
	
	
	
	
	
	
	
	
	
	
	
	
	
	
	
	
	
	
	
	
	
	
	
	
	
	
	
	
	
	
	
	
	
	
	
	
	
	
	
	
	
	
	
	
	
	
	
	
	
	
	
	
	
	
	
	
	
	
	
	
	
	
	
	
	
	
	
	
	
	
	
	
	
	
	
	
	
	
	
	
	
	
	
	
	
	
	
	
	
	
	
	
	
	
	
	
	
	
	
	
	
	
	
	
	
	
	
	
	
	
	
	
	
	
	
	
	
	
	
	
	
	
	
	
	
	
	
	
	
	
	
	
	
	
	
	
	
	
	
	
	
	
	
	
	
	
	
	
	
	
	
	
	
	
	
	
	
	
	
	
	
	
	
	
	
	
	
	
	
	
	
	
	
	
	
	
	
	
	
	
	
	
	
	
	
	
	
	
	
	
	
	
	
	
	
	
	
	
	
	
	
	
	
	
	
	
	
	
	
	
	
	
	
	
	
	
	
	
	
	
	
	
	
	
	
	
	
	
	
	
	
	
	
	
	
	
	
	
	
	
	
	
	
	
	
	
	
	
	
	
	
	
	
	
	
	
	
	
	
	
	
	
	
	
	
	
	
	
	
	
	
	
	
	
	
	
	
	
	
	
	
	
	
	
	
	
	
	
	
	
	
	
	
	
	
	
	
	
	
	
	
	
	
	
	
	
	
	
	
	
	
	
	
	
	
	
	
	
	
	
	
	
	
	
	
	
	
	
	
	
	
	
	
	
	
	
	
	
	
	
	
	
	
	
	
	
	
	
	
	
	
	
	
	
	
	
	
	
	
	
	
	
	
	
	
	
	
	
	
	
	
	
	
	
	
	
	
	
	
	
	
	
	
	
	
	
	
	
	
	
	
	
	
	
	
	
	
	
	
	
	
	
	
	
	
	
	
	
	
	
	
	
	
	
	
	
	
	
	
	
	
	
	
	
	
	
	
	
	
	
	
	
	
	
	
	
	
	
	
	
	
	
	
	
	
	
	
	
	
	
	
	
	
	
	
	
	
	
	
	
	
	
	
	
	
	
	
	
	
	
	
	
	
	
	
	
	
	
	
	
	
	
	
	
	
	
	
	
	
	
	
	
	
	
	
	
	
	
	
	
	
	
	
	
	
	
	
	
	
	
	
	
	
	
	
	
	
	
	
	
	
	
	
	
	
	
	
	
	
	
	
	
	
	
	
	
	
	
	
	
	
	
	
	
	
	
	
	
	
	
	
	
	
	
	
	
	
	
	
	
	
	
	
	
	
	
	
	
	
	
	
	
	
	
	
	
	
	
	
	
	
	
	
	
	
	
	
	
	
	
	
	
	
	
	
	
	
	
	
	
	
	
	
	
	
	
	
	
	
	
	
	
	
	
	
	
	
	
	
	
	
	
	
	
	
	
	
	
	
	
	
	
	
	
	
	
	
	
	
	
	
	
	
	
	
	
	
	
	
	
	
	
	
	
	
	
	
	
	
	
	
	
	
	
	
	
	
	
	
	
	
	
	
	
	
	
	
	
	
	
	
	
	
	
	
	
	
	
	
	
	
	
	
	
	
	
	
	
	
	
	
	
	
	
	
	
	
	
	
	
	
	
	
	
	
	
	
	
	
	
	
	
	
	
	
	
	
	
	
	
	
	
	
	
	
	
	
	
	
	
	
	
	
	
	
	
	
	
	
	
	
	
	
	
	
	
	
	
	
	
	
	
	
	
	
	
	
	
	
	
	
	
	
	
	
	
	
	
	
	
	
	
	
	
	
	
	
	
	
	
	
	
	
	
	
	
	
	
	
	
	
	
	
	
	
	
	
	
	
	
	
	
	
	
	
	
	
	
	
	
	
	
	
	
	
	
	
	
	
	
	
	
	
	
	
	
	
	
	
	
	
	
	
	
	
	
	
	
	
	
	
	
	
	
	
	
	
	
	
	
	
	
	
	
	
	
	
	
	
	
	
	
	
	
	
	
	
	
	
	
	
	
	
	
	
	
	
	
	
	
	
	
	
	
	
	
	
	
	
	
	
	
	
	
	
	
	
	
	
	
	
	
	
	
	
	
	
	
	
	
	
	
	
	
	
	
	
	
	
	
	
	
	
	
	
	
	
	
	
	
	
	
	
	
	
	
	
	
	
	
	
	
	
	
	
	
	
	
	
	
	
	
	
	
	
	
	
	
	
	
	
	
	
	
	
	
	
	
	
	
	
	
	
	
	
	
	
	
	
	
	
	
	
	
	
	
	
	
	
	
	
	
	
	
	
	
	
	
	
	
	
	
	
	
	
	
	
	
	
	
	
	
	
	
	
	
	
	
	
	
	
	
	
	
	
	
	
	
	
	
	
	
	
	
	
	
	
	
	
	
	
	
	
	
	
	
	
	
	
	
	
	
	
	
	
	
	
	
	
	
	
	
	
	
	
	
	
	
	
	
	
	
	
	
	
	
	
	
	
	
	
	
	
	
	
	
	
	
	
	
	
	
	
	
	
	
	
	
	
	
	
	
	
	
	
	
	
	
	
	
	
	
	
	
	
	
	
	
	
	
	
	
	
	
	
	
	
	
	
	
	
	
	
	
	
	
	
	
	
	
	
	
	
	
	
	
	
	
	
	
	
	
	
	
	
	
	
	
	
	
	
	
	
	
	
	
	
	
	
	
	
	
	
	
	
	
	
	
	
	
	
	
	
	
	
	
	
	
	
	
	
	
	
	
	
	
	
	
	
	
	
	
	
	
	
	
	
	
	
	
	
	
	
	
	
	
	
	
	
	
	
	
	
	
	
	
	
	
	
	
	
	
	
	
	
	
	
	
	
	
	
	
	
	
	
	
	
	
	
	
	
	
	
	
	
	
	
	
	
	
	
	
	
	
	
	
	
	
	
	
	
	
	
	
	
	
	
	
	
	
	
	
	
	
	
	
	
	
	
	
	
	
	
	
	
	
	
	
	
	
	
	
	
	
	
	
	
	
	
	
	
	
	
	
	
	
	
	
	
	
	
	
	
	
	
	
	
	
	
	
	
	
	
	
	
	
	
	
	
	
	
	
	
	
	
	
	
	
	
	
	
	
	
	
	
	
	
	
	
	
	
	
	
	
	
	
	
	
	
	
	
	
	
	
	
	
	
	
	
	
	
	
	
	
	
	
	
	
	
	
	
	
	
	
	
	
	
	
	
	
	
	
	
	
	
	
	
	
	
	
	
	
	
	
	
	
	
	
	
	
	
	
	
	
	
	
	
	
	
	
	
	
	
	
	
	
	
	
	
	
	
	
	
	
	
	
	
	
	
	
	
	
	
	
	
	
	
	
	
	
	
	
	
	
	
	
	
	
	
	
	
	
	
	
	
	
	
	
	
	
	
	
	
	
	
	
	
	
	
	
	
	
	
	
	
	
	
	
	
	
	
	
	
	
	
	
	
	
	
	
	
	
	
	
	
	
	
	
	
	
	
	
	
	
	
	
	
	
	
	
	
	
	
	
	
	
	
	
	
	
	
	
	
	
	
	
	
	
	
	
	
	
	
	
	
	
	
	
	
	
	
	
	
	
	
	
	
	
	
	
	
	
	
	
	
	
	
	
	
	
	
	
	
	
	
	
	
	
	
	
	
	
	
	
	
	
	
	
	
	
	
	
	
	
	
	
	
	
	
	
	
	
	
	
	
	
	
	
	
	
	
	
	
	
	
	
	
	
	
	
	
	
	
	
	
	
	
	
	
	
	
	
	
	
	
	
	
	
	
	
	
	
	
	
	
	
	
	
	
	
	
	
	
	
	
	
	
	
	
	
	
	
	
	
	
	
	
	
	
	
	
	
	
	
	
	
	
	
	
	
	
	
	
	
	
	
	
	
	
	
	
	
	
	
	
	
	
	
	
	
	
	
	
	
	
	
	
	
	
	
	
	
	
	
	
	
	
	
	
	
	
	
	
	
	
	
	
	
	
	
	
	
	
	
	
	
	
	
	
	
	
	
	
	
	
	
	
	
	
	
	
	
	
	
	
	
	
	
	
	
	
	
	
	
	
	
	
	
	
	
	
	
	
	
	
	
	
	
	
	
	
	
	
	
	
	
	
	
	
	
	
	
	
	
	
	
	
	
	
	
	
	
	
	
	
	
	
	
	
	
	
	
	
	
	
	
	
	
	
	
	
	
	
	
	
	
	
	
	
	
	
	
	
	
	
	
	
	
	
	
	
	
	
	
	
	
	
	
	
	
	
	
	
	
	
	
	
	
	
	
	
	
	
	
	
	
	
	
	
	
	
	
	
	
	
	
	
	
	
	
	
	
	
	
	
	
	
	
	
	
	
	
	
	
	
	
	
	
	
	
	
	
	
	
	
	
	
	
	
	
	
	
	
	
	
	
	
	
	
	
	
	
	
	
	
	
	
	
	
	
	
	
	
	
	
	
	
	
	
	
	
	
	
	
	
	
	
	
	
	
	
	
	
	
	
	
	
	
	
	
	
	
	
	
	
	
	
	
	
	
	
	
	
	
	
	
	
	
	
	
	
	
	
	
	
	
	
	
	
	
	
	
	
	
	
	
	
	
	
	
	
	
	
	
	
	
	
	
	
	
	
	
	
	
	
	
	
	
	
	
	
	
	
	
	
	
	
	
	
	
	
	
	
	
	
	
	
	
	
	
	
	
	
	
	
	
	
	
	
	
	
	
	
	
	
	
	
	
	
	
	
	
	
	
	
	
	
	
	
	
	
	
	
	
	
	
	
	
	
	
	
	
	
	
	
	
	
	
	
	
	
	
	
	
	
	
	
	
	
	
	
	
	
	
	
	
	
	
	
	
	
	
	
	
	
	
	
	
	
	
	
	
	
	
	
	
	
	
	
	
	
	
	
	
	
	
	
	
	
	
	
	
	
	
	
	
	
	
	
	
	
	
	
	
	
	
	
	
	
	
	
	
	
	
	
	
	
	
	
	
	
	
	
	
	
	
	
	
	
	
	
	
	
	
	
	
	
	
	
	
	
	
	
	
	
	
	
	
	
	
	
	
	
	
	
	
	
	
	
	
	
	
	
	
	
	
	
	
	
	
	
	
	
	
	
	
	
	
	
	
	
	
	
	
	
	
	
	
	
	
	
	
	
	
	
	
	
	
	
	
	
	
	
	
	
	
	
	
	
	
	
	
	
	
	
	
	
	
	
	
	
	
	
	
	
	
	
	
	
	
	
	
	
	
	
	
	
	
	
	
	
	
	
	
	
	
	
	
	
	
	
	
	
	
	
	
	
	
	
	
	
	
	
	
	
	
	
	
	
	
	
	
	
	
	
	
	
	
	
	
	
	
	
	
	
	
	
	
	
	
	
	
	
	
	
	
	
	
	
	
	
	
	
	
	
	
	
	
	
	
	
	
	
	
	
	
	
	
	
	
	
	
	
	
	
	
	
	
	
	
	
	
	
	
	
	
	
	
	
	
	
	
	
	
	
	
	
	
	
	
	
	
	
	
	
	
	
	
	
	
	
	
	
	
	
	
	
	
	
	
	
	
	
	
	
	
	
	
	
	
	
	
	
	
	
	
	
	
	
	
	
	
	
	
	
	
	
	
	
	
	
	
	
	
	
	
	
	
	
	
	
	
	
	
	
	
	
	
	
	
	
	
	
	
	
	
	
	
	
	
	
	
	
	
	
	
	
	
	
	
	
	
	
	
	
	
	
	
	
	
	
	
	
	
	
	
	
	
	
	
	
	
	
	
	
	
	
	
	
	
	
	
	
	
	
	
	
	
	
	
	
	
	
	
	
	
	
	
	
	
	
	
	
	
	
	
	
	
	
	
	
	
	
	
	
	
	
	
	
	
	
	
	
	
	
	
	
	
	
	
	
	
	
	
	
	
	
	
	
	
	
	
	
	
	
	
	
	
	
	
	
	
	
	
	
	
	
	
	
	
	
	
	
	
	
	
	
	
	
	
	
	
	
	
	
	
	
	
	
	
	
	
	
	
	
	
	
	
	
	
	
	
	
	
	
	
	
	
	
	
	
	
	
	
	
	
	
	
	
	
	
	
	
	
	
	
	
	
	
	
	
	
	
	
	
	
	
	
	
	
	
	
	
	
	
	
	
	
	
	
	
	
	
	
	
	
	
	
	
	
	
	
	
	
	
	
	
	
	
	
	
	
	
	
	
	
	
	
	
	
	
	
	
	
	
	
	
	
	
	
	
	
	
	
	
	
	
	
	
	
	
	
	
	
	
	
	
	
	
	
	
	
	
	
	
	
	
	
	
	
	
	
	
	
	
	
	
	
	
	
	
	
	
	
	
	
	
	
	
	
	
	
	
	
	
	
	
	
	
	
	
	
	
	
	
	
	
	
	
	
	
	
	
	
	
	
	
	
	
	
	
	
	
	
	
	
	
	
	
	
	
	
	
	
	
	
	
	
	
	
	
	
	
	
	
	
	
	
	
	
	
	
	
	
	
	
	
	
	
	
	
	
	
	
	
	
	
	
	
	
	
	
	
	
	
	
	
	
	
	
	
	
	
	
	
	
	
	
	
	
	
	
	
	
	
	
	
	
	
	
	
	
	
	
	
	
	
	
	
	
	
	
	
	
	
	
	
	
	
	
	
	
	
	
	
	
	
	
	
	
	
	
	
	
	
	
	
	
	
	
	
	
	
	
	
	
	
	
	
	
	
	
	
	
	
	
	
	
	
	
	
	
	
	
	
	
	
	
	
	
	
	
	
	
	
	
	
	
	
	
	
	
	
	
	
	
	
	
	
	
	
	
	
	
	
	
	
	
	
	
	
	
	
	
	
	
	
	
	
	
	
	
	
	
	
	
	
	
	
	
	
	
	
	
	
	
	
	
	
	
	
	
	
	
	
	
	
	
	
	
	
	
	
	
	
	
	
	
	
	
	
	
	
	
	
	
	
	
	
	
	
	
	
	
	
	
	
	
	
	
	
	
	
	
	
	
	
	
	
	
	
	
	
	
	
	
	
	
	
	
	
	
	
	
	
	
	
	
	
	
	
	
	
	
	
	
	
	
	
	
	
	
	
	
	
	
	
	
	
	
	
	
	
	
	
	
	
	
	
	
	
	
	
	
	
	
	
	
	
	
	
	
	
	
	
	
	
	
	
	
	
	
	
	
	
	
	
	
	
	
	
	
	
	
	
	
	
	
	
	
	
	
	
	
	
	
	
	
	
	
	
	
	
	
	
	
	
	
	
	
	
	
	
	
	
	
	
	
	
	
	
	
	
	
	
	
	
	
	
	
	
	
	
	
	
	
	
	
	
	
	
	
	
	
	
	
	
	
	
	
	
	
	
	
	
	
	
	
	
	
	
	
	
	
	
	
	
	
	
	
	
	
	
	
	
	
	
	
	
	
	
	
	
	
	
	
	
	
	
	
	
	
	
	
	
	
	
	
	
	
	
	
	
	
	
	
	
	
	
	
	
	
	
	
	
	
	
	
	
	
	
	
	
	
	
	
	
	
	
	
	
	
	
	
	
	
	
	
	
	
	
	
	
	
	
	
	
	
	
	
	
	
	
	
	
	
	
	
	
	
	
	
	
	
	
	
	
	
	
	
	
	
	
	
	
	
	
	
	
	
	
	
	
	
	
	
	
	
	
	
	
	
	
	
	
	
	
	
	
	
	
	
	
	
	
	
	
	
	
	
	
	
	
	
	
	
	
	
	
	
	
	
	
	
	
	
	
	
	
	
	
	
	
	
	
	
	
	
	
	
	
	
	
	
	
	
	
	
	
	
	
	
	
	
	
	
	
	
	
	
	
	
	
	
	
	
	
	
	
	
	
	
	
	
	
	
	
	
	
	
	
	
	
	
	
	
	
	
	
	
	
	
	
	
	
	
	
	
	
	
	
	
	
	
	
	
	
	
	
	
	
	
	
	
	
	
	
	
	
	
	
	
	
	
	
	
	
	
	
	
	
	
	
	
	
	
	
	
	
	
	
	
	
	
	
	
	
	
	
	
	
	
	
	
	
	
	
	
	
	
	
	
	
	
	
	
	
	
	
	
	
	
	
	
	
	
	
	
	
	
	
	
	
	
	
	
	
	
	
	
	
	
	
	
	
	
	
	
	
	
	
	
	
	
	
	
	
	
	
	
	
	
	
	
	
	
	
	
	
	
	
	
	
	
	
	
	
	
	
	
	
	
	
	
	
	
	
	
	
	
	
	
	
	
	
	
	
	
	
	
	
	
	
	
	
	
	
	
	
	
	
	
	
	
	
	
	
	
	
	
	
	
	
	
	
	
	
	
	
	
	
	
	
	
	
	
	
	
	
	
	
	
	
	
	
	
	
	
	
	
	
	
	
	
	
	
	
	
	
	
	
	
	
	
	
	
	
	
	
	
	
	
	
	
	
	
	
	
	
	
	
	
	
	
	
	
	
	
	
	
	
	
	
	
	
	
	
	
	
	
	
	
	
	
	
	
	
	
	
	
	
	
	
	
	
	
	
	
	
	
	
	
	
	
	
	
	
	
	
	
	
	
	
	
	
	
	
	
	
	
	
	
	
	
	
	
	
	
	
	
	
	
	
	
	
	
	
	
	
	
	
	
	
	
	
	
	
	
	
	
	
	
	
	
	
	
	
	
	
	
	
	
	
	
	
	
	
	
	
	
	
	
	
	
	
	
	
	
	
	
	
	
	
	
	
	
	
	
	
	
	
	
	
	
	
	
	
	
	
	
	
	
	
	
	
	
	
	
	
	
	
	
	
	
	
	
	
	
	
	
	
	
	
	
	
	
	
	
	
	
	
	
	
	
	
	
	
	
	
	
	
	
	
	
	
	
	
	
	
	
	
	
	
	
	
	
	
	
	
	
	
	
	
	
	
	
	
	
	
	
	
	
	
	
	
	
	
	
	
	
	
	
	
	
	
	
	
	
	
	
	
	
	
	
	
	
	
	
	
	
	
	
	
	
	
	
	
	
	
	
	
	
	
	
	
	
	
	
	
	
	
	
	
	
	
	
	
	
	
	
	
	
	
	
	
	
	
	
	
	
	
	
	
	
	
	
	
	
	
	
	
	
	
	
	
	
	
	
	
	
	
	
	
	
	
	
	
	
	
	
	
	
	
	
	
	
	
	
	
	
	
	
	
	
	
	
	
	
	
	
	
	
	
	
	
	
	
	
	
	
	
	
	
	
	
	
	
	
	
	
	
	
	
	
	
	
	
	
	
	
	
	
	
	
	
	
	
	
	
	
	
	
	
	
	
	
	
	
	
	
	
	
	
	
	
	
	
	
	
	
	
	
	
	
	
	
	
	
	
	
	
	
	
	
	
	
	
	
	
	
	
	
	
	
	
	
	
	
	
	
	
	
	
	
	
	
	
	
	
	
	
	
	
	
	
	
	
	
	
	
	
	
	
	
	
	
	
	
	
	
	
	
	
	
	
	
	
	
	
	
	
	
	
	
	
	
	
	
	
	
	
	
	
	
	
	
	
	
	
	
	
	
	
	
	
	
	
	
	
	
	
	
	
	
	
	
	
	
	
	
	
	
	
	
	
	
	
	
	
	
	
	
	
	
	
	
	
	
	
	
	
	
	
	
	
	
	
	
	
	
	
	
	
	
	
	
	
	
	
	
	
	
	
	
	
	
	
	
	
	
	
	
	
	
	
	
	
	
	
	
	
	
	
	
	
	
	
	
	
	
	
	
	
	
	
	
	
	
	
	
	
	
	
	
	
	
	
	
	
	
	
	
	
	
	
	
	
	
	
	
	
	
	
	
	
	
	
	
	
	
	
	
	
	
	
	
	
	
	
	
	
	
	
	
	
	
	
	
	
	
	
	
	
	
	
	
	
	
	
	
	
	
	
	
	
	
	
	
	
	
	
	
	
	
	
	
	
	
	
	
	
	
	
	
	
	
	
	
	
	
	
	
	
	
	
	
	
	
	
	
	
	
	
	
	
	
	
	
	
	
	
	
	
	
	
	
	
	
	
	
	
	
	
	
	
	
	
	
	
	
	
	
	
	
	
	
	
	
	
	
	
	
	
	
	
	
	
	
	
	
	
	
	
	
	
	
	
	
	
	
	
	
	
	
	
	
	
	
	
	
	
	
	
	
	
	
	
	
	
	
	
	
	
	
	
	
	
	
	
	
	
	
	
	
	
	
	
	
	
	
	
	
	
	
	
	
	
	
	
	
	
	
	
	
	
	
	
	
	
	
	
	
	
	
	
	
	
	
	
	
	
	
	
	
	
	
	
	
	
	
	
	
	
	
	
	
	
	
	
	
	
	
	
	
	
	
	
	
	
	
	
	
	
	
	
	
	
	
	
	
	
	
	
	
	
	
	
	
	
	
	
	
	
	
	
	
	
	
	
	
	
	
	
	
	
	
	
	
	
	
	
	
	
	
	
	
	
	
	
	
	
	
	
	
	
	
	
	
	
	
	
	
	
	
	
	
	
	
	
	
	
	
	
	
	
	
	
	
	
	
	
	
	
	
	
	
	
	
	
	
	
	
	
	
	
	
	
	
	
	
	
	
	
	
	
	
	
	
	
	
	
	
	
	
	
	
	
	
	
	
	
	
	
	
	
	
	
	
	
	
	
	
	
	
	
	
	
	
	
	
	
	
	
	
	
	
	
	
	
	
	
	
	
	
	
	
	
	
	
	
	
	
	
	
	
	
	
	
	
	
	
	
	
	
	
	
	
	
	
	
	
	
	
	
	
	
	
	
	
	
	
	
	
	
	
	
	
	
	
	
	
	
	
	
	
	
	
	
	
	
	
	
	
	
	
	
	
	
	
	
	
	
	
	
	
	
	
	
	
	
	
	
	
	
	
	
	
	
	
	
	
	
	
	
	
	
	
	
	
	
	
	
	
	
	
	
	
	
	
	
	
	
	
	
	
	
	
	
	
	
	
	
	
	
	
	
	
	
	
	
	
	
	
	
	
	
	
	
	
	
	
	
	
	
	
	
	
	
	
	
	
	
	
	
	
	
	
	
	
	
	
	
	
	
	
	
	
	
	
	
	
	
	
	
	
	
	
	
	
	
	
	
	
	
	
	
	
	
	
	
	
	
	
	
	
	
	
	
	
	
	
	
	
	
	
	
	
	
	
	
	
	
	
	
	
	
	
	
	
	
	
	
	
	
	
	
	
	
	
	
	
	
	
	
	
	
	
	
	
	
	
	
	
	
	
	
	
	
	
	
	
	
	
	
	
	
	
	
	
	
	
	
	
	
	
	
	
	
	
	
	
	
	
	
	
	
	
	
	
	
	
	
	
	
	
	
	
	
	
	
	
	
	
	
	
	
	
	
	
	
	
	
	
	
	
	
	
	
	
	
	
	
	
	
	
	
	
	
	
	
	
	
	
	
	
	
	
	
	
	
	
	
	
	
	
	
	
	
	
	
	
	
	
	
	
	
	
	
	
	
	
	
	
	
	
	
	
	
	
	
	
	
	
	
	
	
	
	
	
	
	
	
	
	
	
	
	
	
	
	
	
	
	
	
	
	
	
	
	
	
	
	
	
	
	
	
	
	
	
	
	
	
	
	
	
	
	
	
	
	
	
	
	
	
	
	
	
	
	
	
	
	
	
	
	
	
	
	
	
	
	
	
	
	
	
	
	
	
	
	
	
	
	
	
	
	
	
	
	
	
	
	
	
	
	
	
	
	
	
	
	
	
	
	
	
	
	
	
	
	
	
	
	
	
	
	
	
	
	
	
	
	
	
	
	
	
	
	
	
	
	
	
	
	
	
	
	
	
	
	
	
	
	
	
	
	
	
	
	
	
	
	
	
	
	
	
	
	
	
	
	
	
	
	
	
	
	
	
	
	
	
	
	
	
	
	
	
	
	
	
	
	
	
	
	
	
	
	
	
	
	
	
	
	
	
	
	
	
	
	
	
	
	
	
	
	
	
	
	
	
	
	
	
	
	
	
	
	
	
	
	
	
	
	
	
	
	
	
	
	
	
	
	
	
	
	
	
	
	
	
	
	
	
	
	
	
	
	
	
	
	
	
	
	
	
	
	
	
	
	
	
	
	
	
	
	
	
	
	
	
	
	
	
	
	
	
	
	
	
	
	
	
	
	
	
	
	
	
	
	
	
	
	
	
	
	
	
	
	
	
	
	
	
	
	
	
	
	
	
	
	
	
	
	
	
	
	
	
	
	
	
	
	
	
	
	
	
	
	
	
	
	
	
	
	
	
	
	
	
	
	
	
	
	
	
	
	
	
	
	
	
	
	
	
	
	
	
	
	
	
	
	
	
	
	
	
	
	
	
	
	
	
	
	
	
	
	
	
	
	
	
	
	
	
	
	
	
	
	
	
	
	
	
	
	
	
	
	
	
	
	
	
	
	
	
	
	
	
	
	
	
	
	
	
	
	
	
	
	
	
	
	
	
	
	
	
	
	
	
	
	
	
	
	
	
	
	
	
	
	
	
	
	
	
	
	
	
	
	
	
	
	
	
	
	
	
	
	
	
	
	
	
	
	
	
	
	
	
	
	
	
	
	
	
	
	
	
	
	
	
	
	
	
	
	
	
	
	
	
	
	
	
	
	
	
	
	
	
	
	
	
	
	
	
	
	
	
	
	
	
	
	
	
	
	
	
	
	
	
	
	
	
	
	
	
	
	
	
	
	
	
	
	
	
	
	
	
	
	
	
	
	
	
	
	
	
	
	
	
	
	
	
	
	
	
	
	
	
	
	
	
	
	
	
	
	
	
	
	
	
	
	
	
	
	
	
	
	
	
	
	
	
	
	
	
	
	
	
	
	
	
	
	
	
	
	
	
	
	
	
	
	
	
	
	
	
	
	
	
	
	
	
	
	
	
	
	
	
	
	
	
	
	
	
	
	
	
	
	
	
	
	
	
	
	
	
	
	
	
	
	
	
	
	
	
	
	
	
	
	
	
	
	
	
	
	
	
	
	
	
	
	
	
	
	
	
	
	
	
	
	
	
	
	
	
	
	
	
	
	
	
	
	
	
	
	
	
	
	
	
	
	
	
	
	
	
	
	
	
	
	
	
	
	
	
	
	
	
	
	
	
	
	
	
	
	
	
	
	
	
	
	
	
	
	
	
	
	
	
	
	
	
	
	
	
	
	
	
	
	
	
	
	
	
	
	
	
	
	
	
	
	
	
	
	
	
	
	
	
	
	
	
	
	
	
	
	
	
	
	
	
	
	
	
	
	
	
	
	
	
	
	
	
	
	
	
	
	
	
	
	
	
	
	
	
	
	
	
	
	
	
	
	
	
	
	
	
	
	
	
	
	
	
	
	
	
	
	
	
	
	
	
	
	
	
	
	
	
	
	
	
	
	
	
	
	
