19602.363	0
19593.363	0
19584.363	0
19575.362	0
19566.362	0
19557.362	0
19548.362	0
19539.362	0
19530.362	0.0009310986965
19521.361	0
19512.361	0
19503.361	0
19494.361	0
19485.361	0
19476.361	0
19467.36	0
19458.36	0
19449.36	0
19440.36	0
19431.36	0
19422.36	0
19413.359	0
19404.359	0.0009310986965
19395.359	0
19386.359	0
19377.359	0
19368.359	0
19359.358	0
19350.358	0
19341.358	0
19332.358	0.0009310986965
19323.358	0
19314.358	0
19305.357	0
19296.357	0
19287.357	0
19278.357	0
19269.357	0
19260.357	0
19251.356	0.0009310986965
19242.356	0
19233.356	0
19224.356	0
19215.356	0
19206.356	0
19197.355	0
19188.355	0
19179.355	0
19170.355	0.0009310986965
19161.355	0
19152.355	0
19143.354	0
19134.354	0
19125.354	0
19116.354	0
19107.354	0
19098.354	0
19089.353	0
19080.353	0.0009310986965
19071.353	0.0009310986965
19062.353	0
19053.353	0
19044.353	0.0009310986965
19035.352	0
19026.352	0
19017.352	0
19008.352	0
18999.352	0
18990.352	0.0009310986965
18981.351	0
18972.351	0
18963.351	0.0009310986965
18954.351	0
18945.351	0
18936.351	0
18927.35	0
18918.35	0.0009310986965
18909.35	0
18900.35	0
18891.35	0
18882.35	0
18873.349	0
18864.349	0
18855.349	0
18846.349	0
18837.349	0.0009310986965
18828.349	0.0009310986965
18819.348	0
18810.348	0
18801.348	0
18792.348	0
18783.348	0
18774.348	0.0009310986965
18765.347	0
18756.347	0.0009310986965
18747.347	0
18738.347	0.001862197393
18729.347	0.0009310986965
18720.347	0.001862197393
18711.346	0
18702.346	0.0009310986965
18693.346	0
18684.346	0.0009310986965
18675.346	0
18666.346	0
18657.345	0
18648.345	0.001862197393
18639.345	0
18630.345	0
18621.345	0
18612.345	0
18603.344	0.003724394786
18594.344	0.0009310986965
18585.344	0
18576.344	0.002793296089
18567.344	0.001862197393
18558.344	0
18549.343	0
18540.343	0
18531.343	0.001862197393
18522.343	0.0009310986965
18513.343	0
18504.343	0.001862197393
18495.342	0
18486.342	0.0009310986965
18477.342	0.0009310986965
18468.342	0.003724394786
18459.342	0.0009310986965
18450.342	0.005586592179
18441.341	0.001862197393
18432.341	0.0009310986965
18423.341	0.003724394786
18414.341	0
18405.341	0.001862197393
18396.341	0
18387.34	0.003724394786
18378.34	0.004655493482
18369.34	0.004655493482
18360.34	0.004655493482
18351.34	0.002793296089
18342.34	0.003724394786
18333.339	0.001862197393
18324.339	0.001862197393
18315.339	0.002793296089
18306.339	0.004655493482
18297.339	0.002793296089
18288.339	0.002793296089
18279.338	0.006517690875
18270.338	0.002793296089
18261.338	0.002793296089
18252.338	0.005586592179
18243.338	0.002793296089
18234.338	0.0009310986965
18225.337	0.003724394786
18216.337	0.007448789572
18207.337	0.003724394786
18198.337	0.004655493482
18189.337	0.001862197393
18180.337	0.006517690875
18171.336	0.008379888268
18162.336	0.005586592179
18153.336	0.007448789572
18144.336	0.003724394786
18135.336	0.006517690875
18126.336	0.01024208566
18117.335	0.008379888268
18108.335	0.007448789572
18099.335	0
18090.335	0.004655493482
18081.335	0.007448789572
18072.335	0.003724394786
18063.334	0.008379888268
18054.334	0.004655493482
18045.334	0.005586592179
18036.334	0.006517690875
18027.334	0.007448789572
18018.334	0.009310986965
18009.333	0.001862197393
18000.333	0.007448789572
17991.333	0.008379888268
17982.333	0.01024208566
17973.333	0.01024208566
17964.333	0.006517690875
17955.332	0.008379888268
17946.332	0.009310986965
17937.332	0.005586592179
17928.332	0.005586592179
17919.332	0.01489757914
17910.332	0.008379888268
17901.331	0.01024208566
17892.331	0.003724394786
17883.331	0.008379888268
17874.331	0.01117318436
17865.331	0.01117318436
17856.331	0.009310986965
17847.33	0.01582867784
17838.33	0.008379888268
17829.33	0.01117318436
17820.33	0.009310986965
17811.33	0.007448789572
17802.33	0.01117318436
17793.329	0.01489757914
17784.329	0.01675977654
17775.329	0.01210428305
17766.329	0.01210428305
17757.329	0.006517690875
17748.329	0.006517690875
17739.328	0.01489757914
17730.328	0.01117318436
17721.328	0.01117318436
17712.328	0.007448789572
17703.328	0.01117318436
17694.328	0.009310986965
17685.327	0.01396648045
17676.327	0.01303538175
17667.327	0.01955307263
17658.327	0.01675977654
17649.327	0.01675977654
17640.327	0.01303538175
17631.326	0.01769087523
17622.326	0.02327746741
17613.326	0.02141527002
17604.326	0.01210428305
17595.326	0.01769087523
17586.326	0.01303538175
17577.325	0.01303538175
17568.325	0.01210428305
17559.325	0.01955307263
17550.325	0.01675977654
17541.325	0.01489757914
17532.325	0.01210428305
17523.324	0.01489757914
17514.324	0.01489757914
17505.324	0.01769087523
17496.324	0.01396648045
17487.324	0.01489757914
17478.324	0.01769087523
17469.323	0.01489757914
17460.323	0.01862197393
17451.323	0.01396648045
17442.323	0.01489757914
17433.323	0.01582867784
17424.323	0.01303538175
17415.322	0.01675977654
17406.322	0.01024208566
17397.322	0.02327746741
17388.322	0.01489757914
17379.322	0.01955307263
17370.322	0.01024208566
17361.321	0.01396648045
17352.321	0.01582867784
17343.321	0.01955307263
17334.321	0.01769087523
17325.321	0.01489757914
17316.321	0.02234636872
17307.32	0.02048417132
17298.32	0.01303538175
17289.32	0.01675977654
17280.32	0.01862197393
17271.32	0.009310986965
17262.32	0.01862197393
17253.319	0.01955307263
17244.319	0.01117318436
17235.319	0.01210428305
17226.319	0.01769087523
17217.319	0.01955307263
17208.319	0.01675977654
17199.318	0.01303538175
17190.318	0.01769087523
17181.318	0.01117318436
17172.318	0.01489757914
17163.318	0.01210428305
17154.318	0.01117318436
17145.317	0.0251396648
17136.317	0.01862197393
17127.317	0.01117318436
17118.317	0.02420856611
17109.317	0.01675977654
17100.317	0.01210428305
17091.316	0.01769087523
17082.316	0.01675977654
17073.316	0.01769087523
17064.316	0.01955307263
17055.316	0.01675977654
17046.316	0.01675977654
17037.315	0.01862197393
17028.315	0.01489757914
17019.315	0.02420856611
17010.315	0.01769087523
17001.315	0.02420856611
16992.315	0.01582867784
16983.314	0.01582867784
16974.314	0.01675977654
16965.314	0.01303538175
16956.314	0.01862197393
16947.314	0.02048417132
16938.314	0.01489757914
16929.313	0.01489757914
16920.313	0.02141527002
16911.313	0.01489757914
16902.313	0.01675977654
16893.313	0.01303538175
16884.313	0.02793296089
16875.312	0.01489757914
16866.312	0.01862197393
16857.312	0.01582867784
16848.312	0.008379888268
16839.312	0.02048417132
16830.312	0.01769087523
16821.311	0.01489757914
16812.311	0.01862197393
16803.311	0.02141527002
16794.311	0.01582867784
16785.311	0.01489757914
16776.311	0.01210428305
16767.31	0.01862197393
16758.31	0.01396648045
16749.31	0.01303538175
16740.31	0.01582867784
16731.31	0.01396648045
16722.31	0.01582867784
16713.309	0.01582867784
16704.309	0.01862197393
16695.309	0.01769087523
16686.309	0.01210428305
16677.309	0.01024208566
16668.309	0.02048417132
16659.308	0.01862197393
16650.308	0.01862197393
16641.308	0.01489757914
16632.308	0.01024208566
16623.308	0.01675977654
16614.308	0.01117318436
16605.307	0.01303538175
16596.307	0.01303538175
16587.307	0.005586592179
16578.307	0.01769087523
16569.307	0.009310986965
16560.307	0.01489757914
16551.306	0.01955307263
16542.306	0.01024208566
16533.306	0.01769087523
16524.306	0.01862197393
16515.306	0.01117318436
16506.306	0.01582867784
16497.305	0.01303538175
16488.305	0.01396648045
16479.305	0.01862197393
16470.305	0.008379888268
16461.305	0.01769087523
16452.305	0.01489757914
16443.304	0.01396648045
16434.304	0.01955307263
16425.304	0.01396648045
16416.304	0.01396648045
16407.304	0.01489757914
16398.304	0.01862197393
16389.303	0.01955307263
16380.303	0.01303538175
16371.303	0.01769087523
16362.303	0.01024208566
16353.303	0.01396648045
16344.303	0.01489757914
16335.302	0.01582867784
16326.302	0.02048417132
16317.302	0.01582867784
16308.302	0.01117318436
16299.302	0.007448789572
16290.302	0.01489757914
16281.301	0.01769087523
16272.301	0.01396648045
16263.301	0.009310986965
16254.301	0.01769087523
16245.301	0.01117318436
16236.301	0.02048417132
16227.3	0.01210428305
16218.3	0.01210428305
16209.3	0.01024208566
16200.3	0.01210428305
16191.3	0.01210428305
16182.3	0.009310986965
16173.299	0.01117318436
16164.299	0.01396648045
16155.299	0.01210428305
16146.299	0.02141527002
16137.299	0.01210428305
16128.299	0.01117318436
16119.298	0.01117318436
16110.298	0.01489757914
16101.298	0.01769087523
16092.298	0.01396648045
16083.298	0.02234636872
16074.298	0.01024208566
16065.297	0.01396648045
16056.297	0.01769087523
16047.297	0.01489757914
16038.297	0.01769087523
16029.297	0.01303538175
16020.297	0.01862197393
16011.296	0.009310986965
16002.296	0.009310986965
15993.296	0.007448789572
15984.296	0.01117318436
15975.296	0.01024208566
15966.296	0.01396648045
15957.295	0.008379888268
15948.295	0.01396648045
15939.295	0.01489757914
15930.295	0.01303538175
15921.295	0.01396648045
15912.295	0.01582867784
15903.294	0.01582867784
15894.294	0.01396648045
15885.294	0.01582867784
15876.294	0.01210428305
15867.294	0.01769087523
15858.294	0.01955307263
15849.293	0.01117318436
15840.293	0.01303538175
15831.293	0.01303538175
15822.293	0.007448789572
15813.293	0.01582867784
15804.293	0.01489757914
15795.292	0.01303538175
15786.292	0.01117318436
15777.292	0.01117318436
15768.292	0.01396648045
15759.292	0.01489757914
15750.292	0.01024208566
15741.291	0.01210428305
15732.291	0.01955307263
15723.291	0.01210428305
15714.291	0.01303538175
15705.291	0.01210428305
15696.291	0.01582867784
15687.29	0.01769087523
15678.29	0.02793296089
15669.29	0.01303538175
15660.29	0.01024208566
15651.29	0.01582867784
15642.29	0.02234636872
15633.289	0.01489757914
15624.289	0.008379888268
15615.289	0.01396648045
15606.289	0.01582867784
15597.289	0.0251396648
15588.289	0.01582867784
15579.288	0.009310986965
15570.288	0.01210428305
15561.288	0.01210428305
15552.288	0.01862197393
15543.288	0.01955307263
15534.288	0.01582867784
15525.287	0.01769087523
15516.287	0.01862197393
15507.287	0.01210428305
15498.287	0.01303538175
15489.287	0.01303538175
15480.287	0.01582867784
15471.286	0.01396648045
15462.286	0.01489757914
15453.286	0.009310986965
15444.286	0.01489757914
15435.286	0.01117318436
15426.286	0.01303538175
15417.285	0.01117318436
15408.285	0.01117318436
15399.285	0.01769087523
15390.285	0.01955307263
15381.285	0.01675977654
15372.285	0.01675977654
15363.284	0.01489757914
15354.284	0.01862197393
15345.284	0.01675977654
15336.284	0.02420856611
15327.284	0.01024208566
15318.284	0.01024208566
15309.283	0.02048417132
15300.283	0.02048417132
15291.283	0.01675977654
15282.283	0.01303538175
15273.283	0.02048417132
15264.283	0.01396648045
15255.282	0.02234636872
15246.282	0.01675977654
15237.282	0.01862197393
15228.282	0.01769087523
15219.282	0.009310986965
15210.282	0.01303538175
15201.281	0.02048417132
15192.281	0.0251396648
15183.281	0.02048417132
15174.281	0.01769087523
15165.281	0.01303538175
15156.281	0.01955307263
15147.28	0.02048417132
15138.28	0.01769087523
15129.28	0.01582867784
15120.28	0.01582867784
15111.28	0.01862197393
15102.28	0.01675977654
15093.279	0.02327746741
15084.279	0.03351955307
15075.279	0.0251396648
15066.279	0.01024208566
15057.279	0.01862197393
15048.279	0.01210428305
15039.278	0.01489757914
15030.278	0.01396648045
15021.278	0.02141527002
15012.278	0.01955307263
15003.278	0.01862197393
14994.278	0.02048417132
14985.277	0.01675977654
14976.277	0.01862197393
14967.277	0.01117318436
14958.277	0.02141527002
14949.277	0.01769087523
14940.277	0.01862197393
14931.276	0.03258845438
14922.276	0.01862197393
14913.276	0.01862197393
14904.276	0.02141527002
14895.276	0.01675977654
14886.276	0.02048417132
14877.275	0.0270018622
14868.275	0.01955307263
14859.275	0.0251396648
14850.275	0.01024208566
14841.275	0.01582867784
14832.275	0.01489757914
14823.274	0.02048417132
14814.274	0.0260707635
14805.274	0.0260707635
14796.274	0.0270018622
14787.274	0.01862197393
14778.274	0.02420856611
14769.273	0.02234636872
14760.273	0.01862197393
14751.273	0.02234636872
14742.273	0.02141527002
14733.273	0.02048417132
14724.273	0.01955307263
14715.272	0.0251396648
14706.272	0.01955307263
14697.272	0.01769087523
14688.272	0.01769087523
14679.272	0.01675977654
14670.272	0.01582867784
14661.271	0.02234636872
14652.271	0.02048417132
14643.271	0.02327746741
14634.271	0.01862197393
14625.271	0.02141527002
14616.271	0.02141527002
14607.27	0.01769087523
14598.27	0.02420856611
14589.27	0.01303538175
14580.27	0.01769087523
14571.27	0.01862197393
14562.27	0.01582867784
14553.269	0.01675977654
14544.269	0.01396648045
14535.269	0.02234636872
14526.269	0.02048417132
14517.269	0.02048417132
14508.269	0.02886405959
14499.268	0.01769087523
14490.268	0.02979515829
14481.268	0.02234636872
14472.268	0.02048417132
14463.268	0.02141527002
14454.268	0.03445065177
14445.267	0.02234636872
14436.267	0.01582867784
14427.267	0.01955307263
14418.267	0.02234636872
14409.267	0.01582867784
14400.267	0.02327746741
14391.266	0.01862197393
14382.266	0.01769087523
14373.266	0.02141527002
14364.266	0.02048417132
14355.266	0.0251396648
14346.266	0.01489757914
14337.265	0.02420856611
14328.265	0.02048417132
14319.265	0.01862197393
14310.265	0.02141527002
14301.265	0.01769087523
14292.265	0.03258845438
14283.264	0.01675977654
14274.264	0.02141527002
14265.264	0.0270018622
14256.264	0.01303538175
14247.264	0.02420856611
14238.264	0.01955307263
14229.263	0.0270018622
14220.263	0.02234636872
14211.263	0.03165735568
14202.263	0.02420856611
14193.263	0.03258845438
14184.263	0.0251396648
14175.262	0.02327746741
14166.262	0.03165735568
14157.262	0.02048417132
14148.262	0.01955307263
14139.262	0.02327746741
14130.262	0.02793296089
14121.261	0.01582867784
14112.261	0.03538175047
14103.261	0.0260707635
14094.261	0.02420856611
14085.261	0.02886405959
14076.261	0.02141527002
14067.26	0.02048417132
14058.26	0.02327746741
14049.26	0.02793296089
14040.26	0.03258845438
14031.26	0.0270018622
14022.26	0.03072625698
14013.259	0.03445065177
14004.259	0.03165735568
13995.259	0.02048417132
13986.259	0.02234636872
13977.259	0.02420856611
13968.259	0.02420856611
13959.258	0.0260707635
13950.258	0.02048417132
13941.258	0.02048417132
13932.258	0.02141527002
13923.258	0.02327746741
13914.258	0.02420856611
13905.257	0.01955307263
13896.257	0.01862197393
13887.257	0.0260707635
13878.257	0.02327746741
13869.257	0.01210428305
13860.257	0.02886405959
13851.256	0.02793296089
13842.256	0.03258845438
13833.256	0.02327746741
13824.256	0.02327746741
13815.256	0.0270018622
13806.256	0.03538175047
13797.255	0.02793296089
13788.255	0.0260707635
13779.255	0.0251396648
13770.255	0.0251396648
13761.255	0.0260707635
13752.255	0.02234636872
13743.254	0.03258845438
13734.254	0.0260707635
13725.254	0.0260707635
13716.254	0.03072625698
13707.254	0.03351955307
13698.254	0.02048417132
13689.253	0.0270018622
13680.253	0.02886405959
13671.253	0.02234636872
13662.253	0.02979515829
13653.253	0.03258845438
13644.253	0.01769087523
13635.252	0.03072625698
13626.252	0.02793296089
13617.252	0.03165735568
13608.252	0.0270018622
13599.252	0.03445065177
13590.252	0.03165735568
13581.251	0.02886405959
13572.251	0.0260707635
13563.251	0.0251396648
13554.251	0.02327746741
13545.251	0.03165735568
13536.251	0.02420856611
13527.25	0.03165735568
13518.25	0.02793296089
13509.25	0.02234636872
13500.25	0.03631284916
13491.25	0.02793296089
13482.25	0.02420856611
13473.249	0.0270018622
13464.249	0.03165735568
13455.249	0.02327746741
13446.249	0.03351955307
13437.249	0.03538175047
13428.249	0.03258845438
13419.248	0.02886405959
13410.248	0.03258845438
13401.248	0.03165735568
13392.248	0.02886405959
13383.248	0.03538175047
13374.248	0.02327746741
13365.247	0.02886405959
13356.247	0.0270018622
13347.247	0.03910614525
13338.247	0.03165735568
13329.247	0.03445065177
13320.247	0.03351955307
13311.246	0.03351955307
13302.246	0.03631284916
13293.246	0.02979515829
13284.246	0.02979515829
13275.246	0.03165735568
13266.246	0.03165735568
13257.245	0.04096834264
13248.245	0.03631284916
13239.245	0.02793296089
13230.245	0.03258845438
13221.245	0.02141527002
13212.245	0.0260707635
13203.244	0.03072625698
13194.244	0.02979515829
13185.244	0.03538175047
13176.244	0.02141527002
13167.244	0.03910614525
13158.244	0.02979515829
13149.243	0.04283054004
13140.243	0.04469273743
13131.243	0.04189944134
13122.243	0.03351955307
13113.243	0.03072625698
13104.243	0.02979515829
13095.242	0.03351955307
13086.242	0.03072625698
13077.242	0.03165735568
13068.242	0.03445065177
13059.242	0.02420856611
13050.242	0.04096834264
13041.241	0.03538175047
13032.241	0.05400372439
13023.241	0.03538175047
13014.241	0.04283054004
13005.241	0.02793296089
12996.241	0.03351955307
12987.24	0.03724394786
12978.24	0.03910614525
12969.24	0.02979515829
12960.24	0.03445065177
12951.24	0.03258845438
12942.24	0.03258845438
12933.239	0.03165735568
12924.239	0.03445065177
12915.239	0.03724394786
12906.239	0.04748603352
12897.239	0.03910614525
12888.239	0.03165735568
12879.238	0.02793296089
12870.238	0.04376163873
12861.238	0.03445065177
12852.238	0.03445065177
12843.238	0.03445065177
12834.238	0.03817504655
12825.237	0.03631284916
12816.237	0.04003724395
12807.237	0.0260707635
12798.237	0.03445065177
12789.237	0.03817504655
12780.237	0.05027932961
12771.236	0.03072625698
12762.236	0.05027932961
12753.236	0.03445065177
12744.236	0.03538175047
12735.236	0.03724394786
12726.236	0.03165735568
12717.235	0.04283054004
12708.235	0.04283054004
12699.235	0.03258845438
12690.235	0.04376163873
12681.235	0.04748603352
12672.235	0.03817504655
12663.234	0.03631284916
12654.234	0.04189944134
12645.234	0.03538175047
12636.234	0.03817504655
12627.234	0.0251396648
12618.234	0.03631284916
12609.233	0.03631284916
12600.233	0.04376163873
12591.233	0.03258845438
12582.233	0.03910614525
12573.233	0.03631284916
12564.233	0.03445065177
12555.232	0.04469273743
12546.232	0.04003724395
12537.232	0.04841713222
12528.232	0.04003724395
12519.232	0.0530726257
12510.232	0.04841713222
12501.231	0.04003724395
12492.231	0.04934823091
12483.231	0.04189944134
12474.231	0.04189944134
12465.231	0.04748603352
12456.231	0.04655493482
12447.23	0.04748603352
12438.23	0.04841713222
12429.23	0.04283054004
12420.23	0.04655493482
12411.23	0.0530726257
12402.23	0.04283054004
12393.229	0.04469273743
12384.229	0.04655493482
12375.229	0.04655493482
12366.229	0.04283054004
12357.229	0.04003724395
12348.229	0.05493482309
12339.228	0.05121042831
12330.228	0.04934823091
12321.228	0.04562383613
12312.228	0.05865921788
12303.228	0.04376163873
12294.228	0.04003724395
12285.227	0.052141527
12276.227	0.03817504655
12267.227	0.04096834264
12258.227	0.04748603352
12249.227	0.05121042831
12240.227	0.04283054004
12231.226	0.04003724395
12222.226	0.04469273743
12213.226	0.04841713222
12204.226	0.04283054004
12195.226	0.04283054004
12186.226	0.05027932961
12177.225	0.03910614525
12168.225	0.04376163873
12159.225	0.04841713222
12150.225	0.03817504655
12141.225	0.05400372439
12132.225	0.05400372439
12123.224	0.05586592179
12114.224	0.06703910615
12105.224	0.05400372439
12096.224	0.06145251397
12087.224	0.05121042831
12078.224	0.04934823091
12069.223	0.04934823091
12060.223	0.05400372439
12051.223	0.03817504655
12042.223	0.06238361266
12033.223	0.04934823091
12024.223	0.05772811918
12015.222	0.05493482309
12006.222	0.06517690875
11997.222	0.06238361266
11988.222	0.0530726257
11979.222	0.052141527
11970.222	0.04376163873
11961.221	0.04841713222
11952.221	0.05865921788
11943.221	0.05959031657
11934.221	0.05586592179
11925.221	0.05772811918
11916.221	0.05121042831
11907.22	0.06517690875
11898.22	0.06052141527
11889.22	0.04376163873
11880.22	0.05400372439
11871.22	0.0530726257
11862.22	0.05493482309
11853.219	0.06331471136
11844.219	0.04562383613
11835.219	0.0530726257
11826.219	0.05865921788
11817.219	0.05772811918
11808.219	0.05959031657
11799.218	0.06331471136
11790.218	0.05027932961
11781.218	0.06145251397
11772.218	0.05493482309
11763.218	0.04934823091
11754.218	0.07728119181
11745.217	0.06238361266
11736.217	0.06797020484
11727.217	0.06424581006
11718.217	0.06238361266
11709.217	0.05959031657
11700.217	0.05400372439
11691.216	0.06890130354
11682.216	0.0782122905
11673.216	0.06890130354
11664.216	0.05121042831
11655.216	0.06890130354
11646.216	0.05959031657
11637.215	0.06517690875
11628.215	0.05679702048
11619.215	0.07076350093
11610.215	0.05679702048
11601.215	0.07262569832
11592.215	0.06890130354
11583.214	0.07262569832
11574.214	0.06145251397
11565.214	0.08100558659
11556.214	0.07355679702
11547.214	0.06424581006
11538.214	0.04655493482
11529.213	0.06890130354
11520.213	0.06052141527
11511.213	0.05679702048
11502.213	0.06517690875
11493.213	0.06797020484
11484.213	0.07076350093
11475.212	0.07169459963
11466.212	0.05027932961
11457.212	0.06890130354
11448.212	0.06331471136
11439.212	0.06890130354
11430.212	0.06052141527
11421.211	0.07635009311
11412.211	0.08379888268
11403.211	0.06703910615
11394.211	0.06331471136
11385.211	0.06890130354
11376.211	0.07541899441
11367.21	0.07076350093
11358.21	0.0800744879
11349.21	0.08659217877
11340.21	0.06983240223
11331.21	0.06890130354
11322.21	0.05586592179
11313.209	0.07541899441
11304.209	0.08659217877
11295.209	0.06517690875
11286.209	0.07169459963
11277.209	0.05959031657
11268.209	0.07355679702
11259.208	0.05586592179
11250.208	0.07262569832
11241.208	0.07169459963
11232.208	0.06517690875
11223.208	0.07076350093
11214.208	0.08100558659
11205.207	0.07169459963
11196.207	0.07728119181
11187.207	0.06890130354
11178.207	0.06797020484
11169.207	0.06797020484
11160.207	0.09310986965
11151.206	0.08193668529
11142.206	0.06703910615
11133.206	0.07262569832
11124.206	0.09124767225
11115.206	0.08286778399
11106.206	0.08752327747
11097.205	0.08938547486
11088.205	0.06145251397
11079.205	0.07355679702
11070.205	0.07355679702
11061.205	0.08845437616
11052.205	0.06424581006
11043.204	0.08752327747
11034.204	0.08193668529
11025.204	0.08100558659
11016.204	0.09124767225
11007.204	0.08100558659
10998.204	0.09031657356
10989.203	0.08379888268
10980.203	0.07355679702
10971.203	0.0791433892
10962.203	0.07355679702
10953.203	0.07635009311
10944.203	0.09404096834
10935.202	0.08100558659
10926.202	0.09310986965
10917.202	0.08286778399
10908.202	0.08193668529
10899.202	0.08566108007
10890.202	0.07169459963
10881.201	0.09683426443
10872.201	0.08659217877
10863.201	0.07169459963
10854.201	0.08845437616
10845.201	0.09031657356
10836.201	0.08566108007
10827.2	0.08566108007
10818.2	0.09869646182
10809.2	0.1033519553
10800.2	0.1070763501
10791.2	0.08566108007
10782.2	0.0800744879
10773.199	0.09124767225
10764.199	0.07635009311
10755.199	0.09404096834
10746.199	0.1070763501
10737.199	0.08472998138
10728.199	0.09590316574
10719.198	0.08286778399
10710.198	0.08752327747
10701.198	0.08472998138
10692.198	0.08938547486
10683.198	0.08286778399
10674.198	0.08659217877
10665.197	0.07635009311
10656.197	0.07541899441
10647.197	0.08193668529
10638.197	0.08100558659
10629.197	0.07635009311
10620.197	0.09776536313
10611.196	0.09310986965
10602.196	0.07448789572
10593.196	0.08752327747
10584.196	0.09124767225
10575.196	0.09683426443
10566.196	0.08659217877
10557.195	0.1014897579
10548.195	0.08379888268
10539.195	0.09310986965
10530.195	0.09031657356
10521.195	0.09031657356
10512.195	0.09776536313
10503.194	0.09869646182
10494.194	0.08938547486
10485.194	0.104283054
10476.194	0.09590316574
10467.194	0.1154562384
10458.194	0.08193668529
10449.193	0.09497206704
10440.193	0.09590316574
10431.193	0.1061452514
10422.193	0.1024208566
10413.193	0.1145251397
10404.193	0.1089385475
10395.192	0.09217877095
10386.192	0.09590316574
10377.192	0.1117318436
10368.192	0.09497206704
10359.192	0.09590316574
10350.192	0.1061452514
10341.191	0.1014897579
10332.191	0.1126629423
10323.191	0.1070763501
10314.191	0.09497206704
10305.191	0.09590316574
10296.191	0.104283054
10287.19	0.09404096834
10278.19	0.104283054
10269.19	0.09310986965
10260.19	0.1098696462
10251.19	0.1070763501
10242.19	0.1061452514
10233.189	0.1052141527
10224.189	0.1070763501
10215.189	0.09962756052
10206.189	0.09217877095
10197.189	0.1312849162
10188.189	0.1154562384
10179.188	0.1098696462
10170.188	0.1108007449
10161.188	0.09869646182
10152.188	0.09497206704
10143.188	0.1070763501
10134.188	0.1182495345
10125.187	0.09683426443
10116.187	0.1061452514
10107.187	0.1108007449
10098.187	0.1284916201
10089.187	0.08752327747
10080.187	0.1322160149
10071.186	0.1173184358
10062.186	0.1247672253
10053.186	0.1126629423
10044.186	0.1014897579
10035.186	0.1331471136
10026.186	0.135009311
10017.185	0.1163873371
10008.185	0.09217877095
9999.185	0.1145251397
9990.185	0.1219739292
9981.185	0.1145251397
9972.185	0.1405959032
9963.184	0.1340782123
9954.184	0.1117318436
9945.184	0.1145251397
9936.184	0.1247672253
9927.184	0.1275605214
9918.184	0.1098696462
9909.183	0.1312849162
9900.183	0.1266294227
9891.183	0.125698324
9882.183	0.1294227188
9873.183	0.1163873371
9864.183	0.1433891993
9855.182	0.1433891993
9846.182	0.1433891993
9837.182	0.1201117318
9828.182	0.1266294227
9819.182	0.1499068901
9810.182	0.1303538175
9801.181	0.1108007449
9792.181	0.1201117318
9783.181	0.1266294227
9774.181	0.1294227188
9765.181	0.1154562384
9756.181	0.1182495345
9747.18	0.1489757914
9738.18	0.1173184358
9729.18	0.1182495345
9720.18	0.1294227188
9711.18	0.1368715084
9702.18	0.1508379888
9693.179	0.1387337058
9684.179	0.1527001862
9675.179	0.1387337058
9666.179	0.1294227188
9657.179	0.1275605214
9648.179	0.1536312849
9639.178	0.147113594
9630.178	0.144320298
9621.178	0.1452513966
9612.178	0.1396648045
9603.178	0.1173184358
9594.178	0.1368715084
9585.177	0.1517690875
9576.177	0.1312849162
9567.177	0.1331471136
9558.177	0.144320298
9549.177	0.1303538175
9540.177	0.1620111732
9531.176	0.1219739292
9522.176	0.1294227188
9513.176	0.1489757914
9504.176	0.1452513966
9495.176	0.1685288641
9486.176	0.1499068901
9477.175	0.1675977654
9468.175	0.1405959032
9459.175	0.1368715084
9450.175	0.1554934823
9441.175	0.156424581
9432.175	0.1573556797
9423.174	0.1415270019
9414.174	0.1573556797
9405.174	0.1433891993
9396.174	0.1424581006
9387.174	0.1480446927
9378.174	0.1452513966
9369.173	0.1415270019
9360.173	0.1759776536
9351.173	0.1750465549
9342.173	0.156424581
9333.173	0.1536312849
9324.173	0.1759776536
9315.172	0.1620111732
9306.172	0.1415270019
9297.172	0.1536312849
9288.172	0.147113594
9279.172	0.1396648045
9270.172	0.1741154562
9261.171	0.1405959032
9252.171	0.1675977654
9243.171	0.1573556797
9234.171	0.1433891993
9225.171	0.156424581
9216.171	0.177839851
9207.17	0.1573556797
9198.17	0.1638733706
9189.17	0.1666666667
9180.17	0.1489757914
9171.17	0.1517690875
9162.17	0.1666666667
9153.169	0.1527001862
9144.169	0.1629422719
9135.169	0.1545623836
9126.169	0.1573556797
9117.169	0.1731843575
9108.169	0.1452513966
9099.168	0.1424581006
9090.168	0.1275605214
9081.168	0.1797020484
9072.168	0.1601489758
9063.168	0.1703910615
9054.168	0.156424581
9045.167	0.1675977654
9036.167	0.1620111732
9027.167	0.199255121
9018.167	0.1610800745
9009.167	0.1713221601
9000.167	0.1489757914
8991.166	0.1797020484
8982.166	0.1759776536
8973.166	0.1927374302
8964.166	0.1955307263
8955.166	0.1843575419
8946.166	0.1610800745
8937.165	0.1741154562
8928.165	0.1685288641
8919.165	0.1843575419
8910.165	0.1824953445
8901.165	0.1797020484
8892.165	0.187150838
8883.164	0.1862197393
8874.164	0.1843575419
8865.164	0.2094972067
8856.164	0.187150838
8847.164	0.2011173184
8838.164	0.2029795158
8829.163	0.2020484171
8820.163	0.1741154562
8811.163	0.2132216015
8802.163	0.2132216015
8793.163	0.2076350093
8784.163	0.2206703911
8775.162	0.1945996276
8766.162	0.2011173184
8757.162	0.2141527002
8748.162	0.199255121
8739.162	0.2271880819
8730.162	0.2141527002
8721.161	0.2309124767
8712.161	0.2495344507
8703.161	0.1983240223
8694.161	0.2355679702
8685.161	0.2234636872
8676.161	0.2346368715
8667.16	0.2430167598
8658.16	0.229981378
8649.16	0.2355679702
8640.16	0.2188081937
8631.16	0.2420856611
8622.16	0.2355679702
8613.159	0.2653631285
8604.159	0.2355679702
8595.159	0.2141527002
8586.159	0.2243947858
8577.159	0.248603352
8568.159	0.2774674115
8559.158	0.2588454376
8550.158	0.2644320298
8541.158	0.2532588454
8532.158	0.270018622
8523.158	0.2765363128
8514.158	0.3119180633
8505.157	0.2970204842
8496.157	0.251396648
8487.157	0.3054003724
8478.157	0.3016759777
8469.157	0.3026070764
8460.157	0.2942271881
8451.156	0.3212290503
8442.156	0.2746741155
8433.156	0.3081936685
8424.156	0.2998137803
8415.156	0.2905027933
8406.156	0.3249534451
8397.155	0.2811918063
8388.155	0.2877094972
8379.155	0.3547486034
8370.155	0.2960893855
8361.155	0.3417132216
8352.155	0.3268156425
8343.154	0.3305400372
8334.154	0.3566108007
8325.154	0.3426443203
8316.154	0.3500931099
8307.154	0.3500931099
8298.154	0.3454376164
8289.153	0.3351955307
8280.153	0.3500931099
8271.153	0.3789571695
8262.153	0.355679702
8253.153	0.3789571695
8244.153	0.3631284916
8235.152	0.3836126629
8226.152	0.3882681564
8217.152	0.4162011173
8208.152	0.3631284916
8199.152	0.3715083799
8190.152	0.3854748603
8181.151	0.3938547486
8172.151	0.4124767225
8163.151	0.3780260708
8154.151	0.405027933
8145.151	0.3845437616
8136.151	0.4106145251
8127.15	0.4301675978
8118.15	0.4152700186
8109.15	0.3770949721
8100.15	0.4273743017
8091.15	0.4329608939
8082.15	0.4432029795
8073.149	0.4329608939
8064.149	0.4152700186
8055.149	0.4357541899
8046.149	0.4320297952
8037.149	0.4217877095
8028.149	0.3919925512
8019.148	0.4115456238
8010.148	0.4152700186
8001.148	0.4301675978
7992.148	0.3966480447
7983.148	0.4068901304
7974.148	0.4320297952
7965.147	0.4301675978
7956.147	0.438547486
7947.147	0.4040968343
7938.147	0.4227188082
7929.147	0.417132216
7920.147	0.4273743017
7911.146	0.4134078212
7902.146	0.4134078212
7893.146	0.4497206704
7884.146	0.4096834264
7875.146	0.426443203
7866.146	0.3715083799
7857.145	0.4059590317
7848.145	0.426443203
7839.145	0.3938547486
7830.145	0.3966480447
7821.145	0.4068901304
7812.145	0.4702048417
7803.144	0.4441340782
7794.144	0.4422718808
7785.144	0.3780260708
7776.144	0.4357541899
7767.144	0.4180633147
7758.144	0.4078212291
7749.143	0.4208566108
7740.143	0.4143389199
7731.143	0.4106145251
7722.143	0.4376163873
7713.143	0.3901303538
7704.143	0.395716946
7695.142	0.3938547486
7686.142	0.4022346369
7677.142	0.3929236499
7668.142	0.4301675978
7659.142	0.3910614525
7650.142	0.4096834264
7641.141	0.3901303538
7632.141	0.3836126629
7623.141	0.4134078212
7614.141	0.3547486034
7605.141	0.3845437616
7596.141	0.395716946
7587.14	0.4310986965
7578.14	0.4292364991
7569.14	0.3705772812
7560.14	0.395716946
7551.14	0.3891992551
7542.14	0.374301676
7533.139	0.3798882682
7524.139	0.3919925512
7515.139	0.3761638734
7506.139	0.3733705773
7497.139	0.3584729981
7488.139	0.3491620112
7479.138	0.352886406
7470.138	0.3715083799
7461.138	0.4068901304
7452.138	0.3873370577
7443.138	0.3817504655
7434.138	0.4022346369
7425.137	0.3547486034
7416.137	0.3566108007
7407.137	0.3547486034
7398.137	0.3733705773
7389.137	0.3500931099
7380.137	0.3724394786
7371.136	0.3677839851
7362.136	0.3612662942
7353.136	0.3603351955
7344.136	0.3361266294
7335.136	0.374301676
7326.136	0.3621973929
7317.135	0.3724394786
7308.135	0.3426443203
7299.135	0.3761638734
7290.135	0.3547486034
7281.135	0.3175046555
7272.135	0.3426443203
7263.134	0.312849162
7254.134	0.3370577281
7245.134	0.3370577281
7236.134	0.3286778399
7227.134	0.3351955307
7218.134	0.3333333333
7209.133	0.3165735568
7200.133	0.355679702
7191.133	0.3668528864
7182.133	0.3016759777
7173.133	0.3351955307
7164.133	0.3696461825
7155.132	0.3621973929
7146.132	0.300744879
7137.132	0.3733705773
7128.132	0.3147113594
7119.132	0.3445065177
7110.132	0.3184357542
7101.131	0.3202979516
7092.131	0.3109869646
7083.131	0.3240223464
7074.131	0.3584729981
7065.131	0.3398510242
7056.131	0.3202979516
7047.13	0.3351955307
7038.13	0.3398510242
7029.13	0.3333333333
7020.13	0.3286778399
7011.13	0.3016759777
7002.13	0.3072625698
6993.129	0.3212290503
6984.129	0.3230912477
6975.129	0.3184357542
6966.129	0.282122905
6957.129	0.3063314711
6948.129	0.3324022346
6939.128	0.3072625698
6930.128	0.3165735568
6921.128	0.322160149
6912.128	0.2830540037
6903.128	0.3175046555
6894.128	0.3016759777
6885.127	0.3258845438
6876.127	0.2793296089
6867.127	0.291433892
6858.127	0.3296089385
6849.127	0.2988826816
6840.127	0.3100558659
6831.126	0.3081936685
6822.126	0.2886405959
6813.126	0.3296089385
6804.126	0.3063314711
6795.126	0.3100558659
6786.126	0.2728119181
6777.125	0.2728119181
6768.125	0.322160149
6759.125	0.3044692737
6750.125	0.2988826816
6741.125	0.2746741155
6732.125	0.2979515829
6723.124	0.2495344507
6714.124	0.2718808194
6705.124	0.3184357542
6696.124	0.3063314711
6687.124	0.2737430168
6678.124	0.2839851024
6669.123	0.2756052142
6660.123	0.2765363128
6651.123	0.2793296089
6642.123	0.2672253259
6633.123	0.2597765363
6624.123	0.2560521415
6615.122	0.2625698324
6606.122	0.2923649907
6597.122	0.2830540037
6588.122	0.2588454376
6579.122	0.260707635
6570.122	0.2746741155
6561.121	0.2905027933
6552.121	0.2439478585
6543.121	0.2504655493
6534.121	0.2364990689
6525.121	0.2597765363
6516.121	0.2569832402
6507.12	0.2793296089
6498.12	0.2672253259
6489.12	0.2905027933
6480.12	0.2635009311
6471.12	0.2811918063
6462.12	0.2802607076
6453.119	0.2718808194
6444.119	0.2504655493
6435.119	0.2905027933
6426.119	0.2728119181
6417.119	0.2839851024
6408.119	0.2783985102
6399.118	0.2672253259
6390.118	0.2756052142
6381.118	0.2439478585
6372.118	0.2569832402
6363.118	0.2690875233
6354.118	0.2569832402
6345.117	0.2849162011
6336.117	0.270018622
6327.117	0.2467411546
6318.117	0.2616387337
6309.117	0.2765363128
6300.117	0.2467411546
6291.116	0.2560521415
6282.116	0.2551210428
6273.116	0.2411545624
6264.116	0.2644320298
6255.116	0.2662942272
6246.116	0.2420856611
6237.115	0.2728119181
6228.115	0.2597765363
6219.115	0.260707635
6210.115	0.2635009311
6201.115	0.2783985102
6192.115	0.270018622
6183.114	0.2635009311
6174.114	0.2737430168
6165.114	0.248603352
6156.114	0.2476722533
6147.114	0.2616387337
6138.114	0.2523277467
6129.113	0.2597765363
6120.113	0.2653631285
6111.113	0.2765363128
6102.113	0.2746741155
6093.113	0.270018622
6084.113	0.2262569832
6075.112	0.2681564246
6066.112	0.2597765363
6057.112	0.2318435754
6048.112	0.2476722533
6039.112	0.229981378
6030.112	0.2504655493
6021.111	0.2318435754
6012.111	0.2253258845
6003.111	0.270018622
5994.111	0.248603352
5985.111	0.2188081937
5976.111	0.2746741155
5967.11	0.2495344507
5958.11	0.2560521415
5949.11	0.2551210428
5940.11	0.2318435754
5931.11	0.2504655493
5922.11	0.2579143389
5913.109	0.270018622
5904.109	0.2569832402
5895.109	0.2588454376
5886.109	0.2737430168
5877.109	0.2588454376
5868.109	0.2569832402
5859.108	0.2793296089
5850.108	0.2635009311
5841.108	0.2430167598
5832.108	0.2756052142
5823.108	0.2532588454
5814.108	0.2635009311
5805.107	0.2588454376
5796.107	0.2420856611
5787.107	0.251396648
5778.107	0.2830540037
5769.107	0.2467411546
5760.107	0.251396648
5751.106	0.2662942272
5742.106	0.2849162011
5733.106	0.2551210428
5724.106	0.2681564246
5715.106	0.2625698324
5706.106	0.2625698324
5697.105	0.2774674115
5688.105	0.2858472998
5679.105	0.2737430168
5670.105	0.2588454376
5661.105	0.260707635
5652.105	0.2625698324
5643.104	0.2681564246
5634.104	0.2551210428
5625.104	0.2653631285
5616.104	0.2932960894
5607.104	0.2802607076
5598.104	0.2495344507
5589.103	0.2765363128
5580.103	0.2886405959
5571.103	0.2886405959
5562.103	0.2448789572
5553.103	0.2718808194
5544.103	0.2718808194
5535.102	0.2923649907
5526.102	0.2476722533
5517.102	0.282122905
5508.102	0.2923649907
5499.102	0.2998137803
5490.102	0.260707635
5481.101	0.2709497207
5472.101	0.2364990689
5463.101	0.2858472998
5454.101	0.2672253259
5445.101	0.2709497207
5436.101	0.2430167598
5427.1	0.2998137803
5418.1	0.282122905
5409.1	0.3156424581
5400.1	0.2662942272
5391.1	0.2923649907
5382.1	0.2672253259
5373.099	0.2681564246
5364.099	0.2718808194
5355.099	0.2690875233
5346.099	0.2802607076
5337.099	0.2653631285
5328.099	0.3044692737
5319.098	0.2765363128
5310.098	0.2923649907
5301.098	0.2681564246
5292.098	0.2635009311
5283.098	0.3091247672
5274.098	0.2877094972
5265.097	0.291433892
5256.097	0.2867783985
5247.097	0.2532588454
5238.097	0.2662942272
5229.097	0.2541899441
5220.097	0.2737430168
5211.096	0.270018622
5202.096	0.2588454376
5193.096	0.2811918063
5184.096	0.270018622
5175.096	0.2625698324
5166.096	0.2867783985
5157.095	0.3054003724
5148.095	0.3063314711
5139.095	0.2653631285
5130.095	0.2588454376
5121.095	0.2988826816
5112.095	0.2886405959
5103.094	0.2756052142
5094.094	0.2923649907
5085.094	0.282122905
5076.094	0.2932960894
5067.094	0.2681564246
5058.094	0.282122905
5049.093	0.2756052142
5040.093	0.2895716946
5031.093	0.2886405959
5022.093	0.2802607076
5013.093	0.2877094972
5004.093	0.3044692737
4995.092	0.2979515829
4986.092	0.3258845438
4977.092	0.291433892
4968.092	0.3063314711
4959.092	0.3137802607
4950.092	0.2932960894
4941.091	0.2923649907
4932.091	0.2681564246
4923.091	0.3212290503
4914.091	0.3063314711
4905.091	0.2802607076
4896.091	0.2979515829
4887.09	0.3230912477
4878.09	0.3277467412
4869.09	0.3044692737
4860.09	0.334264432
4851.09	0.2783985102
4842.09	0.3165735568
4833.089	0.2951582868
4824.089	0.2811918063
4815.089	0.2858472998
4806.089	0.2923649907
4797.089	0.2849162011
4788.089	0.312849162
4779.088	0.3109869646
4770.088	0.3044692737
4761.088	0.2970204842
4752.088	0.3026070764
4743.088	0.2597765363
4734.088	0.303538175
4725.087	0.3026070764
4716.087	0.2923649907
4707.087	0.3091247672
4698.087	0.2849162011
4689.087	0.2830540037
4680.087	0.2895716946
4671.086	0.3054003724
4662.086	0.3109869646
4653.086	0.3044692737
4644.086	0.3044692737
4635.086	0.2849162011
4626.086	0.3054003724
4617.085	0.3081936685
4608.085	0.3333333333
4599.085	0.2923649907
4590.085	0.2988826816
4581.085	0.2895716946
4572.085	0.3286778399
4563.084	0.3277467412
4554.084	0.3100558659
4545.084	0.3044692737
4536.084	0.3510242086
4527.084	0.300744879
4518.084	0.291433892
4509.083	0.3286778399
4500.083	0.3147113594
4491.083	0.2979515829
4482.083	0.3081936685
4473.083	0.2932960894
4464.083	0.3016759777
4455.082	0.291433892
4446.082	0.2690875233
4437.082	0.3147113594
4428.082	0.312849162
4419.082	0.312849162
4410.082	0.300744879
4401.081	0.2867783985
4392.081	0.2877094972
4383.081	0.2905027933
4374.081	0.2839851024
4365.081	0.3072625698
4356.081	0.3044692737
4347.08	0.2783985102
4338.08	0.303538175
4329.08	0.2988826816
4320.08	0.2979515829
4311.08	0.3109869646
4302.08	0.300744879
4293.079	0.3054003724
4284.079	0.3054003724
4275.079	0.3305400372
4266.079	0.2625698324
4257.079	0.2979515829
4248.079	0.2858472998
4239.078	0.3165735568
4230.078	0.2970204842
4221.078	0.2858472998
4212.078	0.2886405959
4203.078	0.3091247672
4194.078	0.3072625698
4185.077	0.300744879
4176.077	0.3100558659
4167.077	0.2849162011
4158.077	0.3063314711
4149.077	0.2588454376
4140.077	0.2960893855
4131.076	0.3137802607
4122.076	0.3016759777
4113.076	0.3202979516
4104.076	0.2811918063
4095.076	0.300744879
4086.076	0.2886405959
4077.075	0.312849162
4068.075	0.3240223464
4059.075	0.3277467412
4050.075	0.3351955307
4041.075	0.3296089385
4032.075	0.3445065177
4023.074	0.3379888268
4014.074	0.2970204842
4005.074	0.3081936685
3996.074	0.2793296089
3987.074	0.282122905
3978.074	0.312849162
3969.073	0.3230912477
3960.073	0.2783985102
3951.073	0.3147113594
3942.073	0.2960893855
3933.073	0.322160149
3924.073	0.2905027933
3915.072	0.3147113594
3906.072	0.2718808194
3897.072	0.2877094972
3888.072	0.3268156425
3879.072	0.2951582868
3870.072	0.3240223464
3861.071	0.3361266294
3852.071	0.3016759777
3843.071	0.2970204842
3834.071	0.2672253259
3825.071	0.3324022346
3816.071	0.3156424581
3807.07	0.300744879
3798.07	0.3044692737
3789.07	0.2942271881
3780.07	0.3026070764
3771.07	0.3016759777
3762.07	0.2867783985
3753.069	0.2988826816
3744.069	0.3063314711
3735.069	0.2932960894
3726.069	0.3026070764
3717.069	0.2802607076
3708.069	0.3016759777
3699.068	0.2988826816
3690.068	0.3175046555
3681.068	0.3119180633
3672.068	0.2960893855
3663.068	0.270018622
3654.068	0.3044692737
3645.067	0.300744879
3636.067	0.300744879
3627.067	0.291433892
3618.067	0.3109869646
3609.067	0.291433892
3600.067	0.3277467412
3591.066	0.3212290503
3582.066	0.3389199255
3573.066	0.303538175
3564.066	0.3044692737
3555.066	0.3109869646
3546.066	0.2895716946
3537.065	0.2867783985
3528.065	0.3091247672
3519.065	0.3324022346
3510.065	0.2970204842
3501.065	0.3361266294
3492.065	0.3296089385
3483.064	0.352886406
3474.064	0.3184357542
3465.064	0.2849162011
3456.064	0.291433892
3447.064	0.3249534451
3438.064	0.3324022346
3429.063	0.3296089385
3420.063	0.3389199255
3411.063	0.2886405959
3402.063	0.300744879
3393.063	0.3175046555
3384.063	0.322160149
3375.062	0.3175046555
3366.062	0.3212290503
3357.062	0.3212290503
3348.062	0.3147113594
3339.062	0.3100558659
3330.062	0.3184357542
3321.061	0.312849162
3312.061	0.3314711359
3303.061	0.3212290503
3294.061	0.3119180633
3285.061	0.2979515829
3276.061	0.3109869646
3267.06	0.3072625698
3258.06	0.3240223464
3249.06	0.3026070764
3240.06	0.3063314711
3231.06	0.3147113594
3222.06	0.3314711359
3213.059	0.2951582868
3204.059	0.2988826816
3195.059	0.3258845438
3186.059	0.2970204842
3177.059	0.3044692737
3168.059	0.3305400372
3159.058	0.3147113594
3150.058	0.3165735568
3141.058	0.3230912477
3132.058	0.3026070764
3123.058	0.2951582868
3114.058	0.3379888268
3105.057	0.3072625698
3096.057	0.2802607076
3087.057	0.3296089385
3078.057	0.2905027933
3069.057	0.3016759777
3060.057	0.303538175
3051.056	0.3258845438
3042.056	0.2970204842
3033.056	0.2970204842
3024.056	0.2793296089
3015.056	0.3119180633
3006.056	0.3054003724
2997.055	0.2877094972
2988.055	0.2979515829
2979.055	0.2970204842
2970.055	0.3081936685
2961.055	0.3240223464
2952.055	0.303538175
2943.054	0.2979515829
2934.054	0.3119180633
2925.054	0.3137802607
2916.054	0.282122905
2907.054	0.3193668529
2898.054	0.3091247672
2889.053	0.3147113594
2880.053	0.2886405959
2871.053	0.2886405959
2862.053	0.2681564246
2853.053	0.300744879
2844.053	0.3156424581
2835.052	0.2839851024
2826.052	0.2970204842
2817.052	0.2867783985
2808.052	0.3184357542
2799.052	0.2653631285
2790.052	0.3314711359
2781.051	0.3165735568
2772.051	0.2886405959
2763.051	0.2793296089
2754.051	0.2839851024
2745.051	0.2783985102
2736.051	0.303538175
2727.05	0.2746741155
2718.05	0.2849162011
2709.05	0.2718808194
2700.05	0.2756052142
2691.05	0.282122905
2682.05	0.2811918063
2673.049	0.2709497207
2664.049	0.2905027933
2655.049	0.300744879
2646.049	0.2783985102
2637.049	0.2672253259
2628.049	0.2988826816
2619.048	0.2709497207
2610.048	0.303538175
2601.048	0.2709497207
2592.048	0.2793296089
2583.048	0.2579143389
2574.048	0.300744879
2565.047	0.2672253259
2556.047	0.2560521415
2547.047	0.2644320298
2538.047	0.251396648
2529.047	0.2551210428
2520.047	0.2495344507
2511.046	0.2467411546
2502.046	0.2597765363
2493.046	0.2420856611
2484.046	0.248603352
2475.046	0.2588454376
2466.046	0.270018622
2457.045	0.2374301676
2448.045	0.2318435754
2439.045	0.2588454376
2430.045	0.2653631285
2421.045	0.2448789572
2412.045	0.2430167598
2403.044	0.2439478585
2394.044	0.2588454376
2385.044	0.2523277467
2376.044	0.2644320298
2367.044	0.2635009311
2358.044	0.2616387337
2349.043	0.2411545624
2340.043	0.2448789572
2331.043	0.2579143389
2322.043	0.2262569832
2313.043	0.2430167598
2304.043	0.2374301676
2295.042	0.2337057728
2286.042	0.2430167598
2277.042	0.251396648
2268.042	0.2430167598
2259.042	0.2588454376
2250.042	0.2588454376
2241.041	0.2216014898
2232.041	0.2579143389
2223.041	0.2281191806
2214.041	0.2355679702
2205.041	0.2569832402
2196.041	0.2653631285
2187.04	0.239292365
2178.04	0.2551210428
2169.04	0.2458100559
2160.04	0.229981378
2151.04	0.2281191806
2142.04	0.2383612663
2133.039	0.2234636872
2124.039	0.248603352
2115.039	0.2402234637
2106.039	0.2560521415
2097.039	0.2597765363
2088.039	0.2281191806
2079.038	0.248603352
2070.038	0.2374301676
2061.038	0.2495344507
2052.038	0.2318435754
2043.038	0.2653631285
2034.038	0.2197392924
2025.037	0.2523277467
2016.037	0.2197392924
2007.037	0.2467411546
1998.037	0.2271880819
1989.037	0.2243947858
1980.037	0.2141527002
1971.036	0.2337057728
1962.036	0.217877095
1953.036	0.229981378
1944.036	0.2225325885
1935.036	0.2122905028
1926.036	0.2234636872
1917.035	0.2281191806
1908.035	0.2309124767
1899.035	0.2337057728
1890.035	0.2420856611
1881.035	0.2243947858
1872.035	0.2458100559
1863.034	0.2327746741
1854.034	0.2467411546
1845.034	0.2327746741
1836.034	0.2197392924
1827.034	0.217877095
1818.034	0.2383612663
1809.033	0.2374301676
1800.033	0.2197392924
1791.033	0.2197392924
1782.033	0.2290502793
1773.033	0.2309124767
1764.033	0.2420856611
1755.032	0.248603352
1746.032	0.1945996276
1737.032	0.1862197393
1728.032	0.2057728119
1719.032	0.2048417132
1710.032	0.2011173184
1701.031	0.2020484171
1692.031	0.1908752328
1683.031	0.2243947858
1674.031	0.1927374302
1665.031	0.2020484171
1656.031	0.2160148976
1647.03	0.217877095
1638.03	0.1750465549
1629.03	0.217877095
1620.03	0.1899441341
1611.03	0.1852886406
1602.03	0.1983240223
1593.029	0.2094972067
1584.029	0.1918063315
1575.029	0.1945996276
1566.029	0.1899441341
1557.029	0.2029795158
1548.029	0.1983240223
1539.028	0.1713221601
1530.028	0.2094972067
1521.028	0.1880819367
1512.028	0.1927374302
1503.028	0.1703910615
1494.028	0.1927374302
1485.027	0.1834264432
1476.027	0.1862197393
1467.027	0.1815642458
1458.027	0.1797020484
1449.027	0.1945996276
1440.027	0.1908752328
1431.026	0.1694599628
1422.026	0.187150838
1413.026	0.177839851
1404.026	0.2076350093
1395.026	0.1945996276
1386.026	0.1918063315
1377.025	0.1899441341
1368.025	0.2001862197
1359.025	0.1694599628
1350.025	0.1694599628
1341.025	0.199255121
1332.025	0.1862197393
1323.024	0.1936685289
1314.024	0.1973929236
1305.024	0.1750465549
1296.024	0.1759776536
1287.024	0.1666666667
1278.024	0.1787709497
1269.023	0.1648044693
1260.023	0.1852886406
1251.023	0.2001862197
1242.023	0.1629422719
1233.023	0.1527001862
1224.023	0.1582867784
1215.022	0.1685288641
1206.022	0.1536312849
1197.022	0.1731843575
1188.022	0.1620111732
1179.022	0.1759776536
1170.022	0.1890130354
1161.021	0.196461825
1152.021	0.1508379888
1143.021	0.1750465549
1134.021	0.1759776536
1125.021	0.1797020484
1116.021	0.1713221601
1107.02	0.1731843575
1098.02	0.1694599628
1089.02	0.1694599628
1080.02	0.1489757914
1071.02	0.1461824953
1062.02	0.1620111732
1053.019	0.1685288641
1044.019	0.1340782123
1035.019	0.1573556797
1026.019	0.1322160149
1017.019	0.1545623836
1008.019	0.1368715084
999.018	0.156424581
990.018	0.1536312849
981.018	0.1666666667
972.018	0.1452513966
963.018	0.1368715084
954.018	0.1433891993
945.017	0.135009311
936.017	0.135009311
927.017	0.144320298
918.017	0.1378026071
909.017	0.1592178771
900.017	0.1387337058
891.016	0.1461824953
882.016	0.1312849162
873.016	0.1294227188
864.016	0.1573556797
855.016	0.1675977654
846.016	0.1378026071
837.015	0.1266294227
828.015	0.144320298
819.015	0.1433891993
810.015	0.1387337058
801.015	0.1340782123
792.015	0.125698324
783.014	0.1499068901
774.014	0.1527001862
765.014	0.156424581
756.014	0.1620111732
747.014	0.1331471136
738.014	0.1527001862
729.013	0.1424581006
720.013	0.1499068901
711.013	0.1517690875
702.013	0.1452513966
693.013	0.1480446927
684.013	0.1554934823
675.012	0.1648044693
666.012	0.1573556797
657.012	0.1675977654
648.012	0.1573556797
639.012	0.177839851
630.012	0.1694599628
621.011	0.1713221601
612.011	0.1489757914
603.011	0.1545623836
594.011	0.1499068901
585.011	0.1322160149
576.011	0.1610800745
567.01	0.1731843575
558.01	0.1638733706
549.01	0.1433891993
540.01	0.147113594
531.01	0.1582867784
522.01	0.1629422719
513.009	0.1648044693
504.009	0.135009311
495.009	0.1294227188
486.009	0.1247672253
477.009	0.1284916201
468.009	0.1210428305
459.008	0.09590316574
450.008	0.1108007449
441.008	0.09404096834
432.008	0.0800744879
423.008	0.06610800745
414.008	0.07169459963
405.007	0.06610800745
396.007	0.05400372439
387.007	0.05400372439
378.007	0.03538175047
369.007	0.04003724395
360.007	0.0260707635
351.006	0.02886405959
342.006	0.02141527002
333.006	0.02141527002
324.006	0.01303538175
315.006	0.01303538175
306.006	0.01117318436
297.005	0.009310986965
288.005	0.001862197393
279.005	0.0009310986965
270.005	0.004655493482
261.005	0.002793296089
252.005	0.001862197393
243.004	0.001862197393
234.004	0.0009310986965
225.004	0.002793296089
216.004	0.001862197393
207.004	0.0009310986965
198.004	0
189.003	0
180.003	0
171.003	0.0009310986965
162.003	0
153.003	0
144.003	0
135.002	0
126.002	0
117.002	0
108.002	0
99.002	0
90.002	0
81.001	0
72.001	0
63.001	0
54.001	0
45.001	0
36.001	0
27	0
18	0
9	0
0	0
	0
	0
	0
	0
	0
	0
	0
	0
	0
	0
	0
	0
	0
	0
	0
	0
	0
	0
	0
	0
	0
	0
	0
	0
	0
	0
	0
	0
	0
	0
	0
	0
	0
	0
	0
	0
	0
	0
	0
	0
	0
	0
	0
	0
	0
	0
	0
	0
	0
	0
	0
	0
	0
	0
	0
	0
	0
	0
	0
	0
	0
	0
	0
	0
	0
	0
	0
	0
	0
	0
	0
	0
	0
	0
	0
	0
	0
	0
	0
	0
	0
	0
	0
	0
	0
	0
	0
	0
	0
	0
	0
	0
	0
	0
	0
	0
	0
	0
	0
	0
	0
	0
	0
	0
	0
	0
	0
	0
	0
	0
	0
	0
	0
	0
	0
	0
	0
	0
	0
	0
	0
	0
	0
	0
	0
	0
	0
	0
	0
	0
	0
	0
	0
	0
	0
	0
	0
	0
	0
	0
	0
	0
	0
	0
	0
	0
	0
	0
	0
	0
	0
	0
	0
	0
	0
	0
	0
	0
	0
	0
	0
	0
	0
	0
	0
	0
	0
	0
	0
	0
	0
	0
	0
	0
	0
	0
	0
	0
	0
	0
	0
	0
	0
	0
	0
	0
	0
	0
	0
	0
	0
	0
	0
	0
	0
	0
	0
	0
	0
	0
	0
	0
	0
	0
	0
	0
	0
	0
	0
	0
	0
	0
	0
	0
	0
	0
	0
	0
	0
	0
	0
	0
	0
	0
	0
	0
	0
	0
	0
	0
	0
	0
	0
	0
	0
	0
	0
	0
	0
	0
	0
	0
	0
	0
	0
	0
	0
	0
	0
	0
	0
	0
	0
	0
	0
	0
	0
	0
	0
	0
	0
	0
	0
	0
	0
	0
	0
	0
	0
	0
	0
	0
	0
	0
	0
	0
	0
	0
	0
	0
	0
	0
	0
	0
	0
	0
	0
	0
	0
	0
	0
	0
	0
	0
	0
	0
	0
	0
	0
	0
	0
	0
	0
	0
	0
	0
	0
	0
	0
	0
	0
	0
	0
	0
	0
	0
	0
	0
	0
	0
	0
	0
	0
	0
	0
	0
	0
	0
	0
	0
	0
	0
	0
	0
	0
	0
	0
	0
	0
	0
	0
	0
	0
	0
	0
	0
	0
	0
	0
	0
	0
	0
	0
	0
	0
	0
	0
	0
	0
	0
	0
	0
	0
	0
	0
	0
	0
	0
	0
	0
	0
	0
	0
	0
	0
	0
	0
	0
	0
	0
	0
	0
	0
	0
	0
	0
	0
	0
	0
	0
	0
	0
	0
	0
	0
	0
	0
	0
	0
	0
	0
	0
	0
	0
	0
	0
	0
	0
	0
	0
	0
	0
	0
	0
	0
	0
	0
	0
	0
	0
	0
	0
	0
	0
	0
	0
	0
	0
	0
	0
	0
	0
	0
	0
	0
	0
	0
	0
	0
	0
	0
	0
	0
	0
	0
	0
	0
	0
	0
	0
	0
	0
	0
	0
	0
	0
	0
	0
	0
	0
	0
	0
	0
	0
	0
	0
	0
	0
	0
	0
	0
	0
	0
	0
	0
	0
	0
	0
	0
	0
	0
	0
	0
	0
	0
	0
	0
	0
	0
	0
	0
	0
	0
	0
	0
	0
	0
	0
	0
	0
	0
	0
	0
	0
	0
	0
	0
	0
	0
	0
	0
	0
	0
	0
	0
	0
	0
	0
	0
	0
	0
	0
	0
	0
	0
	0
	0
	0
	0
	0
	0
	0
	0
	0
	0
	0
	0
	0
	0
	0
	0
	0
	0
	0
	0
	0
	0
	0
	0
	0
	0
	0
	0
	0
	0
	0
	0
	0
	0
	0
	0
	0
	0
	0
	0
	0
	0
	0
	0
	0
	0
	0
	0
	0
	0
	0
	0
	0
	0
	0
	0
	0
	0
	0
	0
	0
	0
	0
	0
	0
	0
	0
	0
	0
	0
	0
	0
	0
	0
	0
	0
	0
	0
	0
	0
	0
	0
	0
	0
	0
	0
	0
	0
	0
	0
	0
	0
	0
	0
	0
	0
	0
	0
	0
	0
	0
	0
	0
	0
	0
	0
	0
	0
	0
	0
	0
	0
	0
	0
	0
	0
	0
	0
	0
	0
	0
	0
	0
	0
	0
	0
	0
	0
	0
	0
	0
	0
	0
	0
	0
	0
	0
	0
	0
	0
	0
	0
	0
	0
	0
	0
	0
	0
	0
	0
	0
	0
	0
	0
	0
	0
	0
	0
	0
	0
	0
	0
	0
	0
	0
	0
	0
	0
	0
	0
	0
	0
	0
	0
	0
	0
	0
	0
	0
	0
	0
	0
	0
	0
	0
	0
	0
	0
	0
	0
	0
	0
	0
	0
	0
	0
	0
	0
	0
	0
	0
	0
	0
	0
	0
	0
	0
	0
	0
	0
	0
	0
	0
	0
	0
	0
	0
	0
	0
	0
	0
	0
	0
	0
	0
	0
	0
	0
	0
	0
	0
	0
	0
	0
	0
	0
	0
	0
	0
	0
	0
	0
	0
	0
	0
	0
	0
	0
	0
	0
	0
	0
	0
	0
	0
	0
	0
	0
	0
	0
	0
	0
	0
	0
	0
	0
	0
	0
	0
	0
	0
	0
	0
	0
	0
	0
	0
	0
	0
	0
	0
	0
	0
	0
	0
	0
	0
	0
	0
	0
	0
	0
	0
	0
	0
	0
	
	
	
	
	
	
	
	
	
	
	
	
	
	
	
	
	
	
	
	
	
	
	
	
	
	
	
	
	
	
	
	
	
	
	
	
	
	
	
	
	
	
	
	
	
	
	
	
	
	
	
	
	
	
	
	
	
	
	
	
	
	
	
	
	
	
	
	
	
	
	
	
	
	
	
	
	
	
	
	
	
	
	
	
	
	
	
	
	
	
	
	
	
	
	
	
	
	
	
	
	
	
	
	
	
	
	
	
	
	
	
	
	
	
	
	
	
	
	
	
	
	
	
	
	
	
	
	
	
	
	
	
	
	
	
	
	
	
	
	
	
	
	
	
	
	
	
	
	
	
	
	
	
	
	
	
	
	
	
	
	
	
	
	
	
	
	
	
	
	
	
	
	
	
	
	
	
	
	
	
	
	
	
	
	
	
	
	
	
	
	
	
	
	
	
	
	
	
	
	
	
	
	
	
	
	
	
	
	
	
	
	
	
	
	
	
	
	
	
	
	
	
	
	
	
	
	
	
	
	
	
	
	
	
	
	
	
	
	
	
	
	
	
	
	
	
	
	
	
	
	
	
	
	
	
	
	
	
	
	
	
	
	
	
	
	
	
	
	
	
	
	
	
	
	
	
	
	
	
	
	
	
	
	
	
	
	
	
	
	
	
	
	
	
	
	
	
	
	
	
	
	
	
	
	
	
	
	
	
	
	
	
	
	
	
	
	
	
	
	
	
	
	
	
	
	
	
	
	
	
	
	
	
	
	
	
	
	
	
	
	
	
	
	
	
	
	
	
	
	
	
	
	
	
	
	
	
	
	
	
	
	
	
	
	
	
	
	
	
	
	
	
	
	
	
	
	
	
	
	
	
	
	
	
	
	
	
	
	
	
	
	
	
	
	
	
	
	
	
	
	
	
	
	
	
	
	
	
	
	
	
	
	
	
	
	
	
	
	
	
	
	
	
	
	
	
	
	
	
	
	
	
	
	
	
	
	
	
	
	
	
	
	
	
	
	
	
	
	
	
	
	
	
	
	
	
	
	
	
	
	
	
	
	
	
	
	
	
	
	
	
	
	
	
	
	
	
	
	
	
	
	
	
	
	
	
	
	
	
	
	
	
	
	
	
	
	
	
	
	
	
	
	
	
	
	
	
	
	
	
	
	
	
	
	
	
	
	
	
	
	
	
	
	
	
	
	
	
	
	
	
	
	
	
	
	
	
	
	
	
	
	
	
	
	
	
	
	
	
	
	
	
	
	
	
	
	
	
	
	
	
	
	
	
	
	
	
	
	
	
	
	
	
	
	
	
	
	
	
	
	
	
	
	
	
	
	
	
	
	
	
	
	
	
	
	
	
	
	
	
	
	
	
	
	
	
	
	
	
	
	
	
	
	
	
	
	
	
	
	
	
	
	
	
	
	
	
	
	
	
	
	
	
	
	
	
	
	
	
	
	
	
	
	
	
	
	
	
	
	
	
	
	
	
	
	
	
	
	
	
	
	
	
	
	
	
	
	
	
	
	
	
	
	
	
	
	
	
	
	
	
	
	
	
	
	
	
	
	
	
	
	
	
	
	
	
	
	
	
	
	
	
	
	
	
	
	
	
	
	
	
	
	
	
	
	
	
	
	
	
	
	
	
	
	
	
	
	
	
	
	
	
	
	
	
	
	
	
	
	
	
	
	
	
	
	
	
	
	
	
	
	
	
	
	
	
	
	
	
	
	
	
	
	
	
	
	
	
	
	
	
	
	
	
	
	
	
	
	
	
	
	
	
	
	
	
	
	
	
	
	
	
	
	
	
	
	
	
	
	
	
	
	
	
	
	
	
	
	
	
	
	
	
	
	
	
	
	
	
	
	
	
	
	
	
	
	
	
	
	
	
	
	
	
	
	
	
	
	
	
	
	
	
	
	
	
	
	
	
	
	
	
	
	
	
	
	
	
	
	
	
	
	
	
	
	
	
	
	
	
	
	
	
	
	
	
	
	
	
	
	
	
	
	
	
	
	
	
	
	
	
	
	
	
	
	
	
	
	
	
	
	
	
	
	
	
	
	
	
	
	
	
	
	
	
	
	
	
	
	
	
	
	
	
	
	
	
	
	
	
	
	
	
	
	
	
	
	
	
	
	
	
	
	
	
	
	
	
	
	
	
	
	
	
	
	
	
	
	
	
	
	
	
	
	
	
	
	
	
	
	
	
	
	
	
	
	
	
	
	
	
	
	
	
	
	
	
	
	
	
	
	
	
	
	
	
	
	
	
	
	
	
	
	
	
	
	
	
	
	
	
	
	
	
	
	
	
	
	
	
	
	
	
	
	
	
	
	
	
	
	
	
	
	
	
	
	
	
	
	
	
	
	
	
	
	
	
	
	
	
	
	
	
	
	
	
	
	
	
	
	
	
	
	
	
	
	
	
	
	
	
	
	
	
	
	
	
	
	
	
	
	
	
	
	
	
	
	
	
	
	
	
	
	
	
	
	
	
	
	
	
	
	
	
	
	
	
	
	
	
	
	
	
	
	
	
	
	
	
	
	
	
	
	
	
	
	
	
	
	
	
	
	
	
	
	
	
	
	
	
	
	
	
	
	
	
	
	
	
	
	
	
	
	
	
	
	
	
	
	
	
	
	
	
	
	
	
	
	
	
	
	
	
	
	
	
	
	
	
	
	
	
	
	
	
	
	
	
	
	
	
	
	
	
	
	
	
	
	
	
	
	
	
	
	
	
	
	
	
	
	
	
	
	
	
	
	
	
	
	
	
	
	
	
	
	
	
	
	
	
	
	
	
	
	
	
	
	
	
	
	
	
	
	
	
	
	
	
	
	
	
	
	
	
	
	
	
	
	
	
	
	
	
	
	
	
	
	
	
	
	
	
	
	
	
	
	
	
	
	
	
	
	
	
	
	
	
	
	
	
	
	
	
	
	
	
	
	
	
	
	
	
	
	
	
	
	
	
	
	
	
	
	
	
	
	
	
	
	
	
	
	
	
	
	
	
	
	
	
	
	
	
	
	
	
	
	
	
	
	
	
	
	
	
	
	
	
	
	
	
	
	
	
	
	
	
	
	
	
	
	
	
	
	
	
	
	
	
	
	
	
	
	
	
	
	
	
	
	
	
	
	
	
	
	
	
	
	
	
	
	
	
	
	
	
	
	
	
	
	
	
	
	
	
	
	
	
	
	
	
	
	
	
	
	
	
	
	
	
	
	
	
	
	
	
	
	
	
	
	
	
	
	
	
	
	
	
	
	
	
	
	
	
	
	
	
	
	
	
	
	
	
	
	
	
	
	
	
	
	
	
	
	
	
	
	
	
	
	
	
	
	
	
	
	
	
	
	
	
	
	
	
	
	
	
	
	
	
	
	
	
	
	
	
	
	
	
	
	
	
	
	
	
	
	
	
	
	
	
	
	
	
	
	
	
	
	
	
	
	
	
	
	
	
	
	
	
	
	
	
	
	
	
	
	
	
	
	
	
	
	
	
	
	
	
	
	
	
	
	
	
	
	
	
	
	
	
	
	
	
	
	
	
	
	
	
	
	
	
	
	
	
	
	
	
	
	
	
	
	
	
	
	
	
	
	
	
	
	
	
	
	
	
	
	
	
	
	
	
	
	
	
	
	
	
	
	
	
	
	
	
	
	
	
	
	
	
	
	
	
	
	
	
	
	
	
	
	
	
	
	
	
	
	
	
	
	
	
	
	
	
	
	
	
	
	
	
	
	
	
	
	
	
	
	
	
	
	
	
	
	
	
	
	
	
	
	
	
	
	
	
	
	
	
	
	
	
	
	
	
	
	
	
	
	
	
	
	
	
	
	
	
	
	
	
	
	
	
	
	
	
	
	
	
	
	
	
	
	
	
	
	
	
	
	
	
	
	
	
	
	
	
	
	
	
	
	
	
	
	
	
	
	
	
	
	
	
	
	
	
	
	
	
	
	
	
	
	
	
	
	
	
	
	
	
	
	
	
	
	
	
	
	
	
	
	
	
	
	
	
	
	
	
	
	
	
	
	
	
	
	
	
	
	
	
	
	
	
	
	
	
	
	
	
	
	
	
	
	
	
	
	
	
	
	
	
	
	
	
	
	
	
	
	
	
	
	
	
	
	
	
	
	
	
	
	
	
	
	
	
	
	
	
	
	
	
	
	
	
	
	
	
	
	
	
	
	
	
	
	
	
	
	
	
	
	
	
	
	
	
	
	
	
	
	
	
	
	
	
	
	
	
	
	
	
	
	
	
	
	
	
	
	
	
	
	
	
	
	
	
	
	
	
	
	
	
	
	
	
	
	
	
	
	
	
	
	
	
	
	
	
	
	
	
	
	
	
	
	
	
	
	
	
	
	
	
	
	
	
	
	
	
	
	
	
	
	
	
	
	
	
	
	
	
	
	
	
	
	
	
	
	
	
	
	
	
	
	
	
	
	
	
	
	
	
	
	
	
	
	
	
	
	
	
	
	
	
	
	
	
	
	
	
	
	
	
	
	
	
	
	
	
	
	
	
	
	
	
	
	
	
	
	
	
	
	
	
	
	
	
	
	
	
	
	
	
	
	
	
	
	
	
	
	
	
	
	
	
	
	
	
	
	
	
	
	
	
	
	
	
	
	
	
	
	
	
	
	
	
	
	
	
	
	
	
	
	
	
	
	
	
	
	
	
	
	
	
	
	
	
	
	
	
	
	
	
	
	
	
	
	
	
	
	
	
	
	
	
	
	
	
	
	
	
	
	
	
	
	
	
	
	
	
	
	
	
	
	
	
	
	
	
	
	
	
	
	
	
	
	
	
	
	
	
	
	
	
	
	
	
	
	
	
	
	
	
	
	
	
	
	
	
	
	
	
	
	
	
	
	
	
	
	
	
	
	
	
	
	
	
	
	
	
	
	
	
	
	
	
	
	
	
	
	
	
	
	
	
	
	
	
	
	
	
	
	
	
	
	
	
	
	
	
	
	
	
	
	
	
	
	
	
	
	
	
	
	
	
	
	
	
	
	
	
	
	
	
	
	
	
	
	
	
	
	
	
	
	
	
	
	
	
	
	
	
	
	
	
	
	
	
	
	
	
	
	
	
	
	
	
	
	
	
	
	
	
	
	
	
	
	
	
	
	
	
	
	
	
	
	
	
	
	
	
	
	
	
	
	
	
	
	
	
	
	
	
	
	
	
	
	
	
	
	
	
	
	
	
	
	
	
	
	
	
	
	
	
	
	
	
	
	
	
	
	
	
	
	
	
	
	
	
	
	
	
	
	
	
	
	
	
	
	
	
	
	
	
	
	
	
	
	
	
	
	
	
	
	
	
	
	
	
	
	
	
	
	
	
	
	
	
	
	
	
	
	
	
	
	
	
	
	
	
	
	
	
	
	
	
	
	
	
	
	
	
	
	
	
	
	
	
	
	
	
	
	
	
	
	
	
	
	
	
	
	
	
	
	
	
	
	
	
	
	
	
	
	
	
	
	
	
	
	
	
	
	
	
	
	
	
	
	
	
	
	
	
	
	
	
	
	
	
	
	
	
	
	
	
	
	
	
	
	
	
	
	
	
	
	
	
	
	
	
	
	
	
	
	
	
	
	
	
	
	
	
	
	
	
	
	
	
	
	
	
	
	
	
	
	
	
	
	
	
	
	
	
	
	
	
	
	
	
	
	
	
	
	
	
	
	
	
	
	
	
	
	
	
	
	
	
	
	
	
	
	
	
	
	
	
	
	
	
	
	
	
	
	
	
	
	
	
	
	
	
	
	
	
	
	
	
	
	
	
	
	
	
	
	
	
	
	
	
	
	
	
	
	
	
	
	
	
	
	
	
	
	
	
	
	
	
	
	
	
	
	
	
	
	
	
	
	
	
	
	
	
	
	
	
	
	
	
	
	
	
	
	
	
	
	
	
	
	
	
	
	
	
	
	
	
	
	
	
	
	
	
	
	
	
	
	
	
	
	
	
	
	
	
	
	
	
	
	
	
	
	
	
	
	
	
	
	
	
	
	
	
	
	
	
	
	
	
	
	
	
	
	
	
	
	
	
	
	
	
	
	
	
	
	
	
	
	
	
	
	
	
	
	
	
	
	
	
	
	
	
	
	
	
	
	
	
	
	
	
	
	
	
	
	
	
	
	
	
	
	
	
	
	
	
	
	
	
	
	
	
	
	
	
	
	
	
	
	
	
	
	
	
	
	
	
	
	
	
	
	
	
	
	
	
	
	
	
	
	
	
	
	
	
	
	
	
	
	
	
	
	
	
	
	
	
	
	
	
	
	
	
	
	
	
	
	
	
	
	
	
	
	
	
	
	
	
	
	
	
	
	
	
	
	
	
	
	
	
	
	
	
	
	
	
	
	
	
	
	
	
	
	
	
	
	
	
	
	
	
	
	
	
	
	
	
	
	
	
	
	
	
	
	
	
	
	
	
	
	
	
	
	
	
	
	
	
	
	
	
	
	
	
	
	
	
	
	
	
	
	
	
	
	
	
	
	
	
	
	
	
	
	
	
	
	
	
	
	
	
	
	
	
	
	
	
	
	
	
	
	
	
	
	
	
	
	
	
	
	
	
	
	
	
	
	
	
	
	
	
	
	
	
	
	
	
	
	
	
	
	
	
	
	
	
	
	
	
	
	
	
	
	
	
	
	
	
	
	
	
	
	
	
	
	
	
	
	
	
	
	
	
	
	
	
	
	
	
	
	
	
	
	
	
	
	
	
	
	
	
	
	
	
	
	
	
	
	
	
	
	
	
	
	
	
	
	
	
	
	
	
	
	
	
	
	
	
	
	
	
	
	
	
	
	
	
	
	
	
	
	
	
	
	
	
	
	
	
	
	
	
	
	
	
	
	
	
	
	
	
	
	
	
	
	
	
	
	
	
	
	
	
	
	
	
	
	
	
	
	
	
	
	
	
	
	
	
	
	
	
	
	
	
	
	
	
	
	
	
	
	
	
	
	
	
	
	
	
	
	
	
	
	
	
	
	
	
	
	
	
	
	
	
	
	
	
	
	
	
	
	
	
	
	
	
	
	
	
	
	
	
	
	
	
	
	
	
	
	
	
	
	
	
	
	
	
	
	
	
	
	
	
	
	
	
	
	
	
	
	
	
	
	
	
	
	
	
	
	
	
	
	
	
	
	
	
	
	
	
	
	
	
	
	
	
	
	
	
	
	
	
	
	
	
	
	
	
	
	
	
	
	
	
	
	
	
	
	
	
	
	
	
	
	
	
	
	
	
	
	
	
	
	
	
	
	
	
	
	
	
	
	
	
	
	
	
	
	
	
	
	
	
	
	
	
	
	
	
	
	
	
	
	
	
	
	
	
	
	
	
	
	
	
	
	
	
	
	
	
	
	
	
	
	
	
	
	
	
	
	
	
	
	
	
	
	
	
	
	
	
	
	
	
	
	
	
	
	
	
	
	
	
	
	
	
	
	
	
	
	
	
	
	
	
	
	
	
	
	
	
	
	
	
	
	
	
	
	
	
	
	
	
	
	
	
	
	
	
	
	
	
	
	
	
	
	
	
	
	
	
	
	
	
	
	
	
	
	
	
	
	
	
	
	
	
	
	
	
	
	
	
	
	
	
	
	
	
	
	
	
	
	
	
	
	
	
	
	
	
	
	
	
	
	
	
	
	
	
	
	
	
	
	
	
	
	
	
	
	
	
	
	
	
	
	
	
	
	
	
	
	
	
	
	
	
	
	
	
	
	
	
	
	
	
	
	
	
	
	
	
	
	
	
	
	
	
	
	
	
	
	
	
	
	
	
	
	
	
	
	
	
	
	
	
	
	
	
	
	
	
	
	
	
	
	
	
	
	
	
	
	
	
	
	
	
	
	
	
	
	
	
	
	
	
	
	
	
	
	
	
	
	
	
	
	
	
	
	
	
	
	
	
	
	
	
	
	
	
	
	
	
	
	
	
	
	
	
	
	
	
	
	
	
	
	
	
	
	
	
	
	
	
	
	
	
	
	
	
	
	
	
	
	
	
	
	
	
	
	
	
	
	
	
	
	
	
	
	
	
	
	
	
	
	
	
	
	
	
	
	
	
	
	
	
	
	
	
	
	
	
	
	
	
	
	
	
	
	
	
	
	
	
	
	
	
	
	
	
	
	
	
	
	
	
	
	
	
	
	
	
	
	
	
	
	
	
	
	
	
	
	
	
	
	
	
	
	
	
	
	
	
	
	
	
	
	
	
	
	
	
	
	
	
	
	
	
	
	
	
	
	
	
	
	
	
	
	
	
	
	
	
	
	
	
	
	
	
	
	
	
	
	
	
	
	
	
	
	
	
	
	
	
	
	
	
	
	
	
	
	
	
	
	
	
	
	
	
	
	
	
	
	
	
	
	
	
	
	
	
	
	
	
	
	
	
	
	
	
	
	
	
	
	
	
	
	
	
	
	
	
	
	
	
	
	
	
	
	
	
	
	
	
	
	
	
	
	
	
	
	
	
	
	
	
	
	
	
	
	
	
	
	
	
	
	
	
	
	
	
	
	
	
	
	
	
	
	
	
	
	
	
	
	
	
	
	
	
	
	
	
	
	
	
	
	
	
	
	
	
	
	
	
	
	
	
	
	
	
	
	
	
	
	
	
	
	
	
	
	
	
	
	
	
	
	
	
	
	
	
	
	
	
	
	
	
	
	
	
	
	
	
	
	
	
	
	
	
	
	
	
	
	
	
	
	
	
	
	
	
	
	
	
	
	
	
	
	
	
	
	
	
	
	
	
	
	
	
	
	
	
	
	
	
	
	
	
	
	
	
	
	
	
	
	
	
	
	
	
	
	
	
	
	
	
	
	
	
	
	
	
	
	
	
	
	
	
	
	
	
	
	
	
	
	
	
	
	
	
	
	
	
	
	
	
	
	
	
	
	
	
	
	
	
	
	
	
	
	
	
	
	
	
	
	
	
	
	
	
	
	
	
	
	
	
	
	
	
	
	
	
	
	
	
	
	
	
	
	
	
	
	
	
	
	
	
	
	
	
	
	
	
	
	
	
	
	
	
	
	
	
	
	
	
	
	
	
	
	
	
	
	
	
	
	
	
	
	
	
	
	
	
	
	
	
	
	
	
	
	
	
	
	
	
	
	
	
	
	
	
	
	
	
	
	
	
	
	
	
	
	
	
	
	
	
	
	
	
	
	
	
	
	
	
	
	
	
	
	
	
	
	
	
	
	
	
	
	
	
	
	
	
	
	
	
	
	
	
	
	
	
	
	
	
	
	
	
	
	
	
	
	
	
	
	
	
	
	
	
	
	
	
	
	
	
	
	
	
	
	
	
	
	
	
	
	
	
	
	
	
	
	
	
	
	
	
	
	
	
	
	
	
	
	
	
	
	
	
	
	
	
	
	
	
	
	
	
	
	
	
	
	
	
	
	
	
	
	
	
	
	
	
	
	
	
	
	
	
	
	
	
	
	
	
	
	
	
	
	
	
	
	
	
	
	
	
	
	
	
	
	
	
	
	
	
	
	
	
	
	
	
	
	
	
	
	
	
	
	
	
	
	
	
	
	
	
	
	
	
	
	
	
	
	
	
	
	
	
	
	
	
	
	
	
	
	
	
	
	
	
	
	
	
	
	
	
	
	
	
	
	
	
	
	
	
	
	
	
	
	
	
	
	
	
	
	
	
	
	
	
	
	
	
	
	
	
	
	
	
	
	
	
	
	
	
	
	
	
	
	
	
	
	
	
	
	
	
	
	
	
	
	
	
	
	
	
	
	
	
	
	
	
	
	
	
	
	
	
	
	
	
	
	
	
	
	
	
	
	
	
	
	
	
	
	
	
	
	
	
	
	
	
	
	
	
	
	
	
	
	
	
	
	
	
	
	
	
	
	
	
	
	
	
	
	
	
	
	
	
	
	
	
	
	
	
	
	
	
	
	
	
	
	
	
	
	
	
	
	
	
	
	
	
	
	
	
	
	
	
	
	
	
	
	
	
	
	
	
	
	
	
	
	
	
	
	
	
	
	
	
	
	
	
	
	
	
	
	
	
	
	
	
	
	
	
	
	
	
	
	
	
	
	
	
	
	
	
	
	
	
	
	
	
	
	
	
	
	
	
	
	
	
	
	
	
	
	
	
	
	
	
	
	
	
	
	
	
	
	
	
	
	
	
	
	
	
	
	
	
	
	
	
	
	
	
	
	
	
	
	
	
	
	
	
	
	
	
	
	
	
	
	
	
	
	
	
	
	
	
	
	
	
	
	
	
	
	
	
	
	
	
	
	
	
	
	
	
	
	
	
	
	
	
	
	
	
	
	
	
	
	
	
	
	
	
	
	
	
	
	
	
	
	
	
	
	
	
	
	
	
	
	
	
	
	
	
	
	
	
	
	
	
	
	
	
	
	
	
	
	
	
	
	
	
	
	
	
	
	
	
	
	
	
	
	
	
	
	
	
	
	
	
	
	
	
	
	
	
	
	
	
	
	
	
	
	
	
	
	
	
	
	
	
	
	
	
	
	
	
	
	
	
	
	
	
	
	
	
	
	
	
	
	
	
	
	
	
	
	
	
	
	
	
	
	
	
	
	
	
	
	
	
	
	
	
	
	
	
	
	
	
	
	
	
	
	
	
	
	
	
	
	
	
	
	
	
	
	
	
	
	
	
	
	
	
	
	
	
	
	
	
	
	
	
	
	
	
	
	
	
	
	
	
	
	
	
	
	
	
	
	
	
	
	
	
	
	
	
	
	
	
	
	
	
	
	
	
	
	
	
	
	
	
	
	
	
	
	
	
	
	
	
	
	
	
	
	
	
	
	
	
	
	
	
	
	
	
	
	
	
	
	
	
	
	
	
	
	
	
	
	
	
	
	
	
	
	
	
	
	
	
	
	
	
	
	
	
	
	
	
	
	
	
	
	
	
	
	
	
	
	
	
	
	
	
	
	
	
	
	
	
	
	
	
	
	
	
	
	
	
	
	
	
	
	
	
	
	
	
	
	
	
	
	
	
	
	
	
	
	
	
	
	
	
	
	
	
	
	
	
	
	
	
	
	
	
	
	
	
	
	
	
	
	
	
	
	
	
	
	
	
	
	
	
	
	
	
	
	
	
	
	
	
	
	
	
	
	
	
	
	
	
	
	
	
	
	
	
	
	
	
	
	
	
	
	
	
	
	
	
	
	
	
	
	
	
	
	
	
	
	
	
	
	
	
	
	
	
	
	
	
	
	
	
	
	
	
	
	
	
	
	
	
	
	
	
	
	
	
	
	
	
	
	
	
	
	
	
	
	
	
	
	
	
	
	
	
	
	
	
	
	
	
	
	
	
	
	
	
	
	
	
	
	
	
	
	
	
	
	
	
	
	
	
	
	
	
	
	
	
	
	
	
	
	
	
	
	
	
	
	
	
	
	
	
	
	
	
	
	
	
	
	
	
	
	
	
	
	
	
	
	
	
	
	
	
	
	
	
	
	
	
	
	
	
	
	
	
	
	
	
	
	
	
	
	
	
	
	
	
	
	
	
	
	
	
	
	
	
	
	
	
	
	
	
	
	
	
	
	
	
	
	
	
	
	
	
	
	
	
	
	
	
	
	
	
	
	
	
	
	
	
	
	
	
	
	
	
	
	
	
	
	
	
	
	
	
	
	
	
	
	
	
	
	
	
	
	
	
	
	
	
	
	
	
	
	
	
	
	
	
	
	
	
	
	
	
	
	
	
	
	
	
	
	
	
	
	
	
	
	
	
	
	
	
	
	
	
	
	
	
	
	
	
	
	
	
	
	
	
	
	
	
	
	
	
	
	
	
	
	
	
	
	
	
	
	
	
	
	
	
	
	
	
	
	
	
	
	
	
	
	
	
	
	
	
	
	
	
	
	
	
	
	
	
	
	
	
	
	
	
	
	
	
	
	
	
	
	
	
	
	
	
	
	
	
	
	
	
	
	
	
	
	
	
	
	
	
	
	
	
	
	
	
	
	
	
	
	
	
	
	
	
	
	
	
	
	
	
	
	
	
	
	
	
	
	
	
	
	
	
	
	
	
	
	
	
	
	
	
	
	
	
	
	
	
	
	
	
	
	
	
	
	
	
	
	
	
	
	
	
	
	
	
	
	
	
	
	
	
	
	
	
	
	
	
	
	
	
	
	
	
	
	
	
	
	
	
	
	
	
	
	
	
	
	
	
	
	
	
	
	
	
	
	
	
	
	
	
	
	
	
	
	
	
	
	
	
	
	
	
	
	
	
	
	
	
	
	
	
	
	
	
	
	
	
	
	
	
	
	
	
	
	
	
	
	
	
	
	
	
	
	
	
	
	
	
	
	
	
	
	
	
	
	
	
	
	
	
	
	
	
	
	
	
	
	
	
	
	
	
	
	
	
	
	
	
	
	
	
	
	
	
	
	
	
	
	
	
	
	
	
	
	
	
	
	
	
	
	
	
	
	
	
	
	
	
	
	
	
	
	
	
	
	
	
	
	
	
	
	
	
	
	
	
	
	
	
	
	
	
	
	
	
	
	
	
	
	
	
	
	
	
	
	
	
	
	
	
	
	
	
	
	
	
	
	
	
	
	
	
	
	
	
	
	
	
	
	
	
	
	
	
	
	
	
	
	
	
	
	
	
	
	
	
	
	
	
	
	
	
	
	
	
	
	
	
	
	
	
	
	
	
	
	
	
	
	
	
	
	
	
	
	
	
	
	
	
	
	
	
	
	
	
	
	
	
	
	
	
	
	
	
	
	
	
	
	
	
	
	
	
	
	
	
	
	
	
	
	
	
	
	
	
	
	
	
	
	
	
	
	
	
	
	
	
	
	
	
	
	
	
	
	
	
	
	
	
	
	
	
	
	
	
	
	
	
	
	
	
	
	
	
	
	
	
	
	
	
	
	
	
	
	
	
	
	
	
	
	
	
	
	
	
	
	
	
	
	
	
	
	
	
	
	
	
	
	
	
	
	
	
	
	
	
	
	
	
	
	
	
	
	
	
	
	
	
	
	
	
	
	
	
	
	
	
	
	
	
	
	
	
	
	
	
	
	
	
	
	
	
	
	
	
	
	
	
	
	
	
	
	
	
	
	
	
	
	
	
	
	
	
	
	
	
	
	
	
	
	
	
	
	
	
	
	
	
	
	
	
	
	
	
	
	
	
	
	
	
	
	
	
	
	
	
	
	
	
	
	
	
	
	
	
	
	
	
	
	
	
	
	
	
	
	
	
	
	
	
	
	
	
	
	
	
	
	
	
	
	
	
	
	
	
	
	
	
	
	
	
	
	
	
	
	
	
	
	
	
	
	
	
	
	
	
	
	
	
	
	
	
	
	
	
	
	
	
	
	
	
	
	
	
	
	
	
	
	
	
	
	
	
	
	
	
	
	
	
	
	
	
	
	
	
	
	
	
	
	
	
	
	
	
	
	
	
	
	
	
	
	
	
	
	
	
	
	
	
	
	
	
	
	
	
	
	
	
	
	
	
	
	
	
	
	
	
	
	
	
	
	
	
	
	
	
	
	
	
	
	
	
	
	
	
	
	
	
	
	
	
	
	
	
	
	
	
	
	
	
	
	
	
	
	
	
	
	
	
