19602.363	0
19593.363	-0.0001677852349
19584.363	-0.0001677852349
19575.362	0
19566.362	0
19557.362	-0.0001677852349
19548.362	-0.0003355704698
19539.362	0
19530.362	0.0009310986965
19521.361	-0.0001677852349
19512.361	0
19503.361	0
19494.361	-0.0001677852349
19485.361	0
19476.361	-0.0001677852349
19467.36	0
19458.36	0
19449.36	0
19440.36	0
19431.36	0
19422.36	0
19413.359	0
19404.359	0.0009310986965
19395.359	-0.0001677852349
19386.359	-0.0003355704698
19377.359	-0.0003355704698
19368.359	-0.0001677852349
19359.358	0
19350.358	0
19341.358	0
19332.358	0.0009310986965
19323.358	-0.0001677852349
19314.358	0
19305.357	-0.0001677852349
19296.357	-0.0001677852349
19287.357	0
19278.357	0
19269.357	0
19260.357	0
19251.356	0.0009310986965
19242.356	0
19233.356	-0.0003355704698
19224.356	-0.0001677852349
19215.356	0
19206.356	-0.0001677852349
19197.355	-0.0001677852349
19188.355	0
19179.355	0
19170.355	0.0007633134616
19161.355	-0.0003355704698
19152.355	-0.0001677852349
19143.354	0
19134.354	0
19125.354	-0.0001677852349
19116.354	0
19107.354	-0.0001677852349
19098.354	0
19089.353	0
19080.353	0.0009310986965
19071.353	0.0009310986965
19062.353	0
19053.353	0
19044.353	0.0009310986965
19035.352	-0.0001677852349
19026.352	0
19017.352	0
19008.352	0
18999.352	-0.0001677852349
18990.352	0.0004277429918
18981.351	-0.0005033557047
18972.351	-0.0001677852349
18963.351	0.0005955282267
18954.351	0
18945.351	0
18936.351	-0.0001677852349
18927.35	-0.0001677852349
18918.35	0.0009310986965
18909.35	0
18900.35	0
18891.35	0
18882.35	-0.0003355704698
18873.349	-0.0001677852349
18864.349	0
18855.349	0
18846.349	-0.0001677852349
18837.349	0.0009310986965
18828.349	0.0009310986965
18819.348	0
18810.348	0
18801.348	0
18792.348	-0.0001677852349
18783.348	-0.0001677852349
18774.348	0.0009310986965
18765.347	0
18756.347	0.0009310986965
18747.347	0
18738.347	0.001694412158
18729.347	0.0009310986965
18720.347	0.001526626923
18711.346	0
18702.346	0.0009310986965
18693.346	0
18684.346	0.0009310986965
18675.346	0
18666.346	0
18657.345	0
18648.345	0.001694412158
18639.345	-0.0003355704698
18630.345	-0.0003355704698
18621.345	0
18612.345	0
18603.344	0.003556609551
18594.344	0.0007633134616
18585.344	-0.0001677852349
18576.344	0.002625510854
18567.344	0.001862197393
18558.344	-0.0001677852349
18549.343	0
18540.343	0
18531.343	0.001526626923
18522.343	0.0009310986965
18513.343	0
18504.343	0.001862197393
18495.342	-0.0001677852349
18486.342	0.0007633134616
18477.342	0.0009310986965
18468.342	0.003388824316
18459.342	0.0009310986965
18450.342	0.005083236474
18441.341	0.001862197393
18432.341	0.0007633134616
18423.341	0.003724394786
18414.341	0
18405.341	0.001694412158
18396.341	0
18387.34	0.003724394786
18378.34	0.004152137778
18369.34	0.004655493482
18360.34	0.004655493482
18351.34	0.002793296089
18342.34	0.003724394786
18333.339	0.001694412158
18324.339	0.001862197393
18315.339	0.00245772562
18306.339	0.004655493482
18297.339	0.002625510854
18288.339	0.002625510854
18279.338	0.00634990564
18270.338	0.002625510854
18261.338	0.002793296089
18252.338	0.005586592179
18243.338	0.002625510854
18234.338	0.0007633134616
18225.337	0.003724394786
18216.337	0.006945433867
18207.337	0.003556609551
18198.337	0.004487708247
18189.337	0.001694412158
18180.337	0.00634990564
18171.336	0.008212103033
18162.336	0.005586592179
18153.336	0.007448789572
18144.336	0.003724394786
18135.336	0.00634990564
18126.336	0.01024208566
18117.335	0.008379888268
18108.335	0.007448789572
18099.335	0
18090.335	0.004655493482
18081.335	0.007448789572
18072.335	0.003724394786
18063.334	0.008212103033
18054.334	0.004152137778
18045.334	0.005586592179
18036.334	0.006517690875
18027.334	0.007281004337
18018.334	0.009310986965
18009.333	0.001862197393
18000.333	0.007448789572
17991.333	0.008379888268
17982.333	0.01024208566
17973.333	0.01007430043
17964.333	0.006014335171
17955.332	0.008379888268
17946.332	0.008975416495
17937.332	0.005418806944
17928.332	0.005586592179
17919.332	0.01472979391
17910.332	0.008212103033
17901.331	0.01024208566
17892.331	0.003724394786
17883.331	0.008379888268
17874.331	0.01117318436
17865.331	0.01100539912
17856.331	0.009310986965
17847.33	0.0156608926
17838.33	0.008379888268
17829.33	0.01066982865
17820.33	0.009310986965
17811.33	0.007113219102
17802.33	0.01117318436
17793.329	0.01489757914
17784.329	0.01675977654
17775.329	0.01160092735
17766.329	0.01193649782
17757.329	0.006517690875
17748.329	0.006182120405
17739.328	0.01472979391
17730.328	0.01083761389
17721.328	0.01083761389
17712.328	0.007281004337
17703.328	0.01117318436
17694.328	0.00914320173
17685.327	0.01379869521
17676.327	0.01303538175
17667.327	0.01921750216
17658.327	0.01675977654
17649.327	0.01675977654
17640.327	0.01269981128
17631.326	0.01735530476
17622.326	0.02327746741
17613.326	0.02124748478
17604.326	0.01176871258
17595.326	0.01769087523
17586.326	0.01303538175
17577.325	0.01269981128
17568.325	0.01193649782
17559.325	0.01955307263
17550.325	0.01642420607
17541.325	0.01456200867
17532.325	0.01176871258
17523.324	0.01472979391
17514.324	0.01489757914
17505.324	0.01769087523
17496.324	0.01379869521
17487.324	0.01472979391
17478.324	0.01769087523
17469.323	0.01489757914
17460.323	0.01862197393
17451.323	0.01396648045
17442.323	0.01456200867
17433.323	0.01582867784
17424.323	0.01286759652
17415.322	0.0165919913
17406.322	0.01007430043
17397.322	0.02310968218
17388.322	0.01456200867
17379.322	0.01904971692
17370.322	0.009906515191
17361.321	0.01396648045
17352.321	0.01549310737
17343.321	0.01938528739
17334.321	0.01718751953
17325.321	0.01489757914
17316.321	0.02234636872
17307.32	0.01981303038
17298.32	0.01286759652
17289.32	0.01642420607
17280.32	0.01862197393
17271.32	0.008975416495
17262.32	0.01862197393
17253.319	0.01921750216
17244.319	0.01100539912
17235.319	0.01193649782
17226.319	0.01769087523
17217.319	0.01938528739
17208.319	0.01675977654
17199.318	0.01303538175
17190.318	0.01769087523
17181.318	0.01117318436
17172.318	0.01472979391
17163.318	0.01210428305
17154.318	0.01117318436
17145.317	0.02480409433
17136.317	0.01862197393
17127.317	0.01117318436
17118.317	0.0237052104
17109.317	0.01625642083
17100.317	0.01176871258
17091.316	0.01752309
17082.316	0.0165919913
17073.316	0.01752309
17064.316	0.01955307263
17055.316	0.01625642083
17046.316	0.01642420607
17037.315	0.01862197393
17028.315	0.01472979391
17019.315	0.02420856611
17010.315	0.01718751953
17001.315	0.02404078087
16992.315	0.01532532214
16983.314	0.01532532214
16974.314	0.0165919913
16965.314	0.01253202605
16956.314	0.01828640346
16947.314	0.02031638609
16938.314	0.01472979391
16929.313	0.01456200867
16920.313	0.02141527002
16911.313	0.01439422344
16902.313	0.01675977654
16893.313	0.01269981128
16884.313	0.02776517566
16875.312	0.0142264382
16866.312	0.01845418869
16857.312	0.0156608926
16848.312	0.008212103033
16839.312	0.02014860085
16830.312	0.01718751953
16821.311	0.01472979391
16812.311	0.01862197393
16803.311	0.02091191431
16794.311	0.01549310737
16785.311	0.01456200867
16776.311	0.01176871258
16767.31	0.01828640346
16758.31	0.01363090998
16749.31	0.01253202605
16740.31	0.01582867784
16731.31	0.01396648045
16722.31	0.01532532214
16713.309	0.01549310737
16704.309	0.01845418869
16695.309	0.01752309
16686.309	0.01193649782
16677.309	0.009738729956
16668.309	0.02031638609
16659.308	0.01845418869
16650.308	0.01828640346
16641.308	0.01439422344
16632.308	0.01007430043
16623.308	0.01625642083
16614.308	0.01100539912
16605.307	0.01303538175
16596.307	0.01269981128
16587.307	0.005586592179
16578.307	0.01701973429
16569.307	0.008639846025
16560.307	0.01456200867
16551.306	0.01938528739
16542.306	0.01007430043
16533.306	0.01701973429
16524.306	0.01811861822
16515.306	0.01100539912
16506.306	0.01549310737
16497.305	0.01286759652
16488.305	0.01346312474
16479.305	0.01845418869
16470.305	0.008044317798
16461.305	0.01718751953
16452.305	0.01472979391
16443.304	0.01346312474
16434.304	0.01904971692
16425.304	0.01346312474
16416.304	0.01346312474
16407.304	0.01472979391
16398.304	0.01828640346
16389.303	0.01904971692
16380.303	0.01236424081
16371.303	0.01685194906
16362.303	0.009738729956
16353.303	0.01329533951
16344.303	0.01472979391
16335.302	0.0151575369
16326.302	0.01964524515
16317.302	0.0146541812
16308.302	0.01066982865
16299.302	0.006777648632
16290.302	0.01439422344
16281.301	0.01752309
16272.301	0.01329533951
16263.301	0.00914320173
16254.301	0.01701973429
16245.301	0.01050204342
16236.301	0.01964524515
16227.3	0.01193649782
16218.3	0.01160092735
16209.3	0.008899803782
16200.3	0.01176871258
16191.3	0.01160092735
16182.3	0.008975416495
16173.299	0.01083761389
16164.299	0.0127919838
16155.299	0.01160092735
16146.299	0.02057634384
16137.299	0.01210428305
16128.299	0.01016647295
16119.298	0.01033425818
16110.298	0.01389086773
16101.298	0.01668416382
16092.298	0.01329533951
16083.298	0.02201079825
16074.298	0.008732018547
16065.297	0.01329533951
16056.297	0.01685194906
16047.297	0.01405865297
16038.297	0.01668416382
16029.297	0.01219645558
16020.297	0.01811861822
16011.296	0.00880763126
16002.296	0.00813649032
15993.296	0.005938722458
15984.296	0.01016647295
15975.296	0.008228662842
15966.296	0.01262419857
15957.295	0.007205391624
15948.295	0.01262419857
15939.295	0.01338751203
15930.295	0.01202867034
15921.295	0.01262419857
15912.295	0.01448639596
15903.294	0.01532532214
15894.294	0.0127919838
15885.294	0.01448639596
15876.294	0.01176871258
15867.294	0.01685194906
15858.294	0.01770743504
15849.293	0.01033425818
15840.293	0.01035081799
15831.293	0.01068638846
15822.293	0.006106507692
15813.293	0.01431861073
15804.293	0.01338751203
15795.292	0.01169309987
15786.292	0.009159761539
15777.292	0.009327546774
15768.292	0.01245641333
15759.292	0.0137230825
15750.292	0.008564233312
15741.291	0.01009086024
15732.291	0.01804300551
15723.291	0.01025864547
15714.291	0.0108541737
15705.291	0.009923075
15696.291	0.01398304026
15687.29	0.01601302288
15678.29	0.02424168573
15669.29	0.01169309987
15660.29	0.008899803782
15651.29	0.01364746979
15642.29	0.01882287878
15633.289	0.01221301538
15624.289	0.006534250684
15615.289	0.0122886281
15606.289	0.01297632885
15597.289	0.02346181246
15588.289	0.0118018322
15579.288	0.007297564146
15570.288	0.01025864547
15561.288	0.01042643071
15552.288	0.01744747728
15543.288	0.0165329384
15534.288	0.01331189932
15525.287	0.01550966718
15516.287	0.01644076588
15507.287	0.009419719296
15498.287	0.01051860323
15489.287	0.009847462287
15480.287	0.01364746979
15471.286	0.01128191669
15462.286	0.01120630398
15453.286	0.006626423206
15444.286	0.01187744492
15435.286	0.00748190919
15426.286	0.009847462287
15417.285	0.008153050129
15408.285	0.00781747966
15399.285	0.01534188194
15390.285	0.0165329384
15381.285	0.0127329309
15372.285	0.01340407184
15363.284	0.01204523015
15354.284	0.01526626923
15345.284	0.01373964231
15336.284	0.02118843188
15327.284	0.007725307138
15318.284	0.006383025258
15309.283	0.01645732568
15300.283	0.01662511092
15291.283	0.01407521278
15282.283	0.008337395173
15273.283	0.01628954045
15264.283	0.009771849574
15255.282	0.01982959019
15246.282	0.0127329309
15237.282	0.0156018397
15228.282	0.0136640296
15219.282	0.005787497032
15210.282	0.01001524752
15201.281	0.01763182233
15192.281	0.02211953058
15183.281	0.01746403709
15174.281	0.014670741
15165.281	0.008840750878
15156.281	0.01418394511
15147.28	0.01712846662
15138.28	0.01332845913
15129.28	0.01146626173
15120.28	0.01146626173
15111.28	0.01241392024
15102.28	0.01155843425
15093.279	0.0184116956
15084.279	0.02865378126
15075.279	0.02060946346
15066.279	0.007054166198
15057.279	0.01325284641
15048.279	0.006902940772
15039.278	0.01103851874
15030.278	0.009100708635
15021.278	0.01839513579
15012.278	0.01468730081
15003.278	0.01375620212
14994.278	0.01628954045
14985.277	0.01222957519
14976.277	0.01375620212
14967.277	0.004629560196
14958.277	0.01738842438
14949.277	0.01282510342
14940.277	0.01207834977
14931.276	0.02738711209
14922.276	0.01375620212
14913.276	0.01073606789
14904.276	0.0155427868
14895.276	0.01071950808
14886.276	0.01561839951
14877.275	0.02112937898
14868.275	0.01401615987
14859.275	0.02010610776
14850.275	0.00403403197
14841.275	0.008446127504
14832.275	0.008857310687
14823.274	0.01444390287
14814.274	0.01919156887
14805.274	0.01952713934
14796.274	0.02129716421
14787.274	0.01123942359
14778.274	0.01816829765
14769.273	0.01613831502
14760.273	0.01090385312
14751.273	0.01580274455
14742.273	0.01571057203
14733.273	0.01444390287
14724.273	0.01384837464
14715.272	0.01809268494
14706.272	0.01284166323
14697.272	0.007791546374
14688.272	0.01181839201
14679.272	0.01038393761
14670.272	0.007774986565
14661.271	0.0136215365
14652.271	0.01276605052
14643.271	0.01304256808
14634.271	0.01191056453
14625.271	0.01319379351
14616.271	0.01571057203
14607.27	0.009637183958
14598.27	0.01581930436
14589.27	0.00615618712
14580.27	0.01014053966
14571.27	0.01325284641
14562.27	0.0079427718
14553.269	0.009041655731
14544.269	0.006416144876
14535.269	0.01177589892
14526.269	0.01310162099
14517.269	0.01108819817
14508.269	0.02013922738
14499.268	0.008966043018
14490.268	0.02090254084
14481.268	0.01278261033
14472.268	0.01310162099
14463.268	0.01101258545
14454.268	0.02790702761
14445.267	0.01462824791
14436.267	0.005761563746
14427.267	0.009485958532
14418.267	0.01462824791
14409.267	0.005258208041
14400.267	0.01304256808
14391.266	0.007715933661
14382.266	0.007455975904
14373.266	0.01235486733
14364.266	0.01175933911
14355.266	0.01490476548
14346.266	0.00348818317
14337.265	0.01481259295
14328.265	0.01058484246
14319.265	0.01006492695
14310.265	0.01302600827
14301.265	0.005778123555
14292.265	0.02352805169
14283.264	0.006357091973
14274.264	0.01000587405
14265.264	0.01458575481
14256.264	0.004646120005
14247.264	0.01296695537
14238.264	0.008982602827
14229.263	0.01542468099
14220.263	0.01043361704
14211.263	0.01823453689
14202.263	0.01380588154
14193.263	0.02134684364
14184.263	0.01440140977
14175.262	0.01186807144
14166.262	0.02058353018
14157.262	0.01041705723
14148.262	0.006801394773
14139.262	0.01186807144
14130.262	0.01350343069
14121.261	0.001063577169
14112.261	0.02246228738
14103.261	0.01264794471
14094.261	0.007765613088
14085.261	0.01577681127
14076.261	0.007992451227
14067.26	0.006390211591
14058.26	0.00985464862
14049.26	0.01635577969
14040.26	0.01933342082
14031.26	0.01089447965
14022.26	0.01814236437
14013.259	0.02186675915
14004.259	0.01605332883
13995.259	0.008906990114
13986.259	0.008252408984
13977.259	0.008604539262
13968.259	0.008268968793
13959.258	0.01113787759
13950.258	0.008906990114
13941.258	0.00672578206
13932.258	0.01151594116
13923.258	0.01052578956
13914.258	0.009107894967
13905.257	0.005962468599
13896.257	0.005534725607
13887.257	0.0116412333
13878.257	0.009351292915
13869.257	-0.002660817617
13860.257	0.01426674415
13851.256	0.01182557834
13842.256	0.01547436042
13833.256	0.006498943922
13824.256	0.01220364191
13815.256	0.009719983003
13806.256	0.01927436792
13797.255	0.01098665217
13788.255	0.007949958132
13779.255	0.009032282254
13770.255	0.00785778561
13761.255	0.007949958132
13752.255	0.004896704286
13743.254	0.01815892417
13734.254	0.009795595716
13725.254	0.01348687088
13716.254	0.01126316973
13707.254	0.01757995576
13698.254	0.002531151188
13689.253	0.004015285016
13680.253	0.007555334758
13671.253	0.004561133816
13662.253	0.01469448715
13653.253	0.01497100471
13644.253	-0.001268856311
13635.252	0.01092759927
13626.252	0.0106510817
13617.252	0.01219426843
13608.252	0.009048842063
13599.252	0.0168332021
13590.252	0.01420769125
13581.251	0.009904328047
13572.251	0.003251971555
13563.251	0.006515503731
13554.251	0.004821091573
13545.251	0.009677489908
13536.251	0.006591116444
13527.25	0.01420769125
13518.25	0.006959806531
13509.25	0.003051066702
13500.25	0.01349405722
13491.25	0.006456450827
13482.25	0.00407433792
13473.249	0.008545486358
13464.249	0.009509704673
13455.249	-0.0005480359442
13446.249	0.01187525777
13437.249	0.0139052404
13428.249	0.01144751478
13419.248	0.01074325422
13410.248	0.01161530001
13401.248	0.01152312749
13392.248	0.007387549523
13383.248	0.009710609526
13374.248	0.003478809693
13365.247	0.008226475698
13356.247	0.007874345419
13347.247	0.01813299089
13338.247	0.01169091273
13329.247	0.01028957794
13320.247	0.008351767838
13311.246	0.01036519066
13302.246	0.01064170822
13293.246	0.004962943522
13284.246	0.004962943522
13275.246	0.00632178521
13266.246	0.003301650982
13257.245	0.01613612788
13248.245	0.01248734581
13239.245	0.0005839676053
13230.245	0.005407246322
13221.245	-0.003416944746
13212.245	-0.001613800257
13203.244	0.005894042218
13194.244	0.006137440166
13185.244	0.01222738805
13176.244	-0.00626929374
13167.244	0.009072588204
13158.244	0.002278379763
13149.243	0.0176627548
13140.243	0.01986052267
13131.243	0.01606051517
13122.243	0.006506130254
13113.243	-0.0003140114731
13104.243	0.0007683126492
13095.242	0.007009485959
13086.242	0.001699411346
13077.242	0.003637221452
13068.242	0.006094947071
13059.242	-0.002301501006
13050.242	0.01177371177
13041.241	0.008871683351
13032.241	0.02782922775
13023.241	0.005515978653
13014.241	0.009273493057
13005.241	-0.002436166623
12996.241	0.007848412133
12987.24	0.005532538462
12978.24	0.01142158149
12969.24	-0.002587392049
12960.24	0.003410383313
12951.24	0.004400534913
12942.24	0.002554897329
12933.239	0.0007848724582
12924.239	0.004584879957
12915.239	0.007378176046
12906.239	0.01241891943
12897.239	0.00789809156
12888.239	0.003301650982
12879.238	-0.001261669979
12870.238	0.01272137028
12861.238	0.004584879957
12852.238	0.001732530964
12843.238	0.002739242373
12834.238	0.007134778099
12825.237	0.004433654531
12816.237	0.009332545961
12807.237	-0.01017084724
12798.237	0.002403671903
12789.237	0.002436791521
12780.237	0.01487664505
12771.236	0.001699411346
12762.236	0.01940684639
12753.236	0.002403671903
12744.236	0.00266362966
12735.236	-0.000004374289178
12726.236	-0.0007251946559
12717.235	0.008266781648
12708.235	0.007763425943
12699.235	-0.005498793946
12690.235	0.01121130316
12681.235	0.009398785197
12672.235	0.0009267244073
12663.234	0.002252446477
12654.234	0.007503468186
12645.234	-0.00002093409821
12636.234	0.003275717696
12627.234	-0.007410670766
12618.234	0.004433654531
12609.233	0.003930298826
12600.233	0.01003680652
12591.233	-0.001807518778
12582.233	0.006052453976
12573.233	0.003091372652
12564.233	-0.005482234137
12555.232	0.007947770987
12546.232	-0.0003989976629
12537.232	0.01150438054
12528.232	0.0006077137465
12519.232	0.01548873308
12510.232	0.00814867584
12501.231	0.006480196968
12492.231	0.01377776111
12483.231	0.0004564883206
12474.231	0.0001209178508
12465.231	0.004868583855
12456.231	0.01064889455
12447.23	0.00537193956
12438.23	0.01335001812
12429.23	0.0008842313124
12420.23	0.00158849187
12411.23	0.009951820329
12402.23	-0.002303688151
12393.229	0.00358535488
12384.229	0.003098558984
12375.229	0.002762988514
12366.229	-0.002471473386
12357.229	-0.007278192294
12348.229	0.01365965531
12339.228	0.0117808981
12330.228	0.001529438966
12321.228	0.001831889818
12312.228	0.01771962056
12303.228	0.0004730481297
12294.228	-0.005264769475
12285.227	0.01304756727
12276.227	-0.007798107807
12267.227	-0.001145751315
12258.227	0.004029657681
12249.227	0.001881569245
12240.227	-0.008511741842
12231.226	-0.006271480884
12222.226	0.0005652206516
12213.226	0.004289615437
12204.226	0.002058727957
12195.226	-0.006498319023
12186.226	0.004473960481
12177.225	-0.009551572869
12168.225	-0.005902790796
12159.225	0.001772836914
12150.225	-0.01115381251
12141.225	0.005010435804
12132.225	0.007191643858
12123.224	0.01039612313
12114.224	0.01150219339
12105.224	0.008701710972
12096.224	0.01514378913
12087.224	0.006579555822
12078.224	-0.006524252309
12069.223	0.0008582980266
12060.223	0.006856073388
12051.223	-0.01417394673
12042.223	0.00886012273
12033.223	-0.0009873395573
12024.223	0.007895904416
12015.222	0.004599252621
12006.222	0.01702254634
11997.222	0.0125513979
11988.222	-0.002967642758
11979.222	0.002309312237
11970.222	-0.006070576031
11961.221	-0.009468773824
11952.221	0.0001021708972
11943.221	0.01059702798
11934.221	-0.002691125192
11925.221	0.01091603864
11916.221	-0.001474135453
11907.22	0.0134990564
11898.22	0.008675777686
11889.22	-0.01143970355
11880.22	-0.002875470236
11871.22	0.004582692812
11862.22	-0.007313499056
11853.219	0.005261020084
11844.219	-0.003369452464
11835.219	-0.002967642758
11826.219	0.0002699561321
11817.219	0.003197917838
11808.219	0.002878907178
11799.218	0.002408671091
11790.218	-0.006599865022
11781.218	-0.004654868584
11772.218	0.002082474098
11763.218	-0.007530963718
11754.218	0.02174427905
11745.217	0.002316498569
11736.217	0.008909802157
11727.217	0.003843125492
11718.217	-0.001878132304
11709.217	-0.001315723695
11700.217	0.002158086811
11691.216	0.00698855186
11682.216	0.01780960594
11673.216	0.00833083374
11664.216	-0.004829840151
11655.216	0.008163048505
11646.216	-0.001315723695
11637.215	0.001418519491
11628.215	-0.003102308375
11619.215	0.01489101771
11610.215	-0.001592241261
11601.215	0.009706235237
11592.215	0.005142914276
11583.214	0.01037737618
11574.214	-0.002809231
11565.214	0.01993176109
11556.214	0.01130847487
11547.214	0.0008229912639
11538.214	-0.02055915914
11529.213	0.002626135753
11520.213	-0.001726906878
11511.213	-0.006458013073
11502.213	-0.0007626885631
11493.213	0.002869533701
11484.213	0.001468198918
11475.212	0.00156037144
11466.212	-0.01280791871
11457.212	-0.0003939984752
11448.212	-0.001282604077
11439.212	-0.004420844113
11430.212	-0.009277242448
11421.211	0.004202442103
11412.211	0.01903378201
11403.211	-0.002591766338
11394.211	0.00005967780236
11385.211	-0.005763125992
11376.211	0.005620336695
11367.21	-0.001719720545
11358.21	0.01061140065
11349.21	0.01947808481
11340.21	-0.004160886356
11331.21	-0.00005842800545
11322.21	-0.02030857486
11313.209	0.008640470923
11304.209	0.014612313
11295.209	-0.01066201742
11286.209	-0.006493319836
11277.209	-0.01121505255
11268.209	-0.002282129154
11259.208	-0.0147716621
11250.208	-0.0003608788572
11241.208	0.00122480097
11232.208	-0.01435329259
11223.208	0.003649406971
11214.208	0.002649881894
11205.207	-0.003640970842
11196.207	0.0051335408
11187.207	-0.003749703173
11178.207	-0.001492882407
11169.207	-0.008372077037
11160.207	0.01408302401
11151.206	0.00525883294
11142.206	-0.005108544861
11133.206	-0.0001930936223
11124.206	0.01591210178
11115.206	0.004176508817
11106.206	0.009670928474
11097.205	0.01253983728
11088.205	-0.02126560684
11079.205	-0.005973404322
11070.205	-0.006476760026
11061.205	0.004393973479
11052.205	-0.01645888793
11043.204	0.01017428418
11034.204	0.002406483946
11025.204	-0.008927299314
11016.204	0.01423424943
11007.204	0.001643170485
10998.204	0.008437378926
10989.203	0.01316129879
10980.203	-0.01251702848
10971.203	-0.01548748328
10962.203	-0.01167810231
10953.203	-0.01106601427
10944.203	0.01283291465
10935.202	-0.009430655019
10926.202	0.006700473673
10917.202	0.003673153113
10908.202	-0.01269418719
10899.202	0.001768462625
10890.202	-0.01102352118
10881.201	0.009418157049
10872.201	-0.005354129954
10863.201	-0.0173993601
10854.201	0.0005349130766
10845.201	-0.002804231812
10836.201	-0.004271805832
10827.2	-0.007795295764
10818.2	0.002555522228
10809.2	0.01358685464
10800.2	0.01311661855
10791.2	-0.003265094422
10782.2	-0.01371745841
10773.199	0.002657068226
10764.199	-0.02197205454
10755.199	0.002430230088
10746.199	0.01731124942
10737.199	-0.01308881057
10728.199	0.006809206004
10719.198	-0.01008523615
10710.198	-0.009456588304
10701.198	-0.01191431392
10692.198	-0.003064189569
10683.198	-0.01310537038
10674.198	-0.006025270893
10665.197	-0.02432104783
10656.197	-0.01954744854
10647.197	-0.01051297914
10638.197	-0.01563870871
10629.197	-0.02062977266
10620.197	0.001121067826
10611.196	-0.008903553173
10602.196	-0.02836445328
10593.196	-0.01918813193
10584.196	-0.007242260633
10575.196	-0.003165735568
10566.196	-0.01273668029
10557.195	0.001825328384
10548.195	-0.01536219114
10539.195	-0.006051204179
10530.195	0.00004811718096
10521.195	-0.01303913114
10512.195	-0.005590341569
10503.194	0.002387736993
10494.194	-0.01279573319
10485.194	0.00277298689
10476.194	-0.004600189969
10467.194	0.01377838601
10458.194	-0.02242573082
10449.193	-0.001168872558
10440.193	-0.007620324197
10431.193	0.002453976229
10422.193	-0.005297264195
10413.193	0.008149300739
10404.193	0.009274117956
10395.192	-0.01805612838
10386.192	-0.006110257083
10377.192	0.006194930824
10368.192	-0.01828296652
10359.192	-0.01349280742
10350.192	0.004802969517
10341.191	-0.009584067589
10332.191	0.003602539587
10323.191	-0.009534388162
10314.191	-0.0056990739
10305.191	-0.02121092822
10296.191	-0.004273992976
10287.19	-0.01938185045
10278.19	-0.003099496332
10269.19	-0.008903553173
10260.19	-0.001371964556
10251.19	-0.009869958632
10242.19	0.002118405759
10233.189	-0.007201954682
10224.189	-0.009869958632
10215.189	-0.01530532538
10206.189	-0.02241854449
10197.189	0.016855386
10188.189	-0.001657855598
10179.188	-0.007244447777
10170.188	-0.01151469136
10161.188	-0.01690756502
10152.188	-0.02449102021
10143.188	-0.001480696887
10134.188	-0.0003746266232
10125.187	-0.01742748053
10116.187	-0.01549904391
10107.187	-0.005977778611
10098.187	0.006343969105
10089.187	-0.02539618562
10080.187	0.0110750753
10071.186	-0.0009701548498
10062.186	-0.001239486084
10053.186	-0.01569276243
10044.186	-0.03005386625
10035.186	0.009321610238
10026.186	0.008667029108
10017.185	-0.01867977704
10008.185	-0.04255277267
9999.185	-0.003763450939
9990.185	-0.002690500294
9981.185	-0.01047486034
9972.185	0.02029388974
9963.184	0.005386937123
9954.184	-0.01192587455
9945.184	-0.007286940872
9936.184	-0.01113881494
9927.184	-0.001634109457
9918.184	-0.01160686388
9909.183	0.004774849087
9900.183	-0.0114578256
9891.183	-0.015744629
9882.183	0.004926074513
9873.183	-0.02320997838
9864.183	0.005301950933
9855.182	0.01117443415
9846.182	0.004798595228
9837.182	-0.01126410708
9828.182	-0.005920912852
9819.182	0.01366527939
9810.182	-0.008572356992
9801.181	-0.02980328197
9792.181	-0.01159967755
9783.181	-0.01548467124
9774.181	-0.01369808656
9765.181	-0.01860416432
9756.181	-0.01547529776
9747.18	0.01743216727
9738.18	-0.01690975217
9729.18	-0.009938385012
9720.18	-0.01067795233
9711.18	0.005160098984
9702.18	0.004529263995
9693.179	-0.004722670066
9684.179	0.01259951508
9675.179	-0.005058240536
9666.179	-0.01067795233
9657.179	-0.007506592679
9648.179	0.01067826478
9639.178	0.009697486658
9630.178	0.01109882144
9621.178	0.0113587792
9612.178	-0.008489557947
9603.178	-0.02798357767
9594.178	-0.008094934573
9585.177	0.01200398685
9576.177	-0.01317817105
9567.177	-0.01886630922
9558.177	-0.009538762451
9549.177	-0.01025020934
9540.177	0.01972929399
9531.176	-0.02701935935
9522.176	-0.02208734831
9513.176	-0.003037631385
9504.176	-0.005084173822
9495.176	0.01836107882
9486.176	-0.002274317923
9477.175	0.02481253046
9468.175	-0.01561215053
9459.175	-0.01077949833
9450.175	0.006835764188
9441.175	0.009109144764
9432.175	0.01205366628
9423.174	-0.007801857198
9414.174	0.009872458226
9405.174	-0.008959794033
9396.174	-0.01123317461
9387.174	-0.007492220014
9378.174	-0.01112444228
9369.173	-0.008305212903
9360.173	0.0224541637
9351.173	0.01967742742
9342.173	0.006760151475
9333.173	0.01386618425
9324.173	0.02564208316
9315.172	0.01167560271
9306.172	-0.01384212565
9297.172	-0.006603614413
9288.172	-0.003557546899
9279.172	-0.0217445915
9270.172	0.02109532201
9261.171	-0.0164510767
9252.171	0.006356154625
9243.171	0.01054359917
9234.171	-0.00677858598
9225.171	0.0003843125492
9216.171	0.02498750203
9207.17	-0.001704722983
9198.17	0.01018209541
9189.17	0.009955257271
9180.17	-0.01327253071
9171.17	-0.001251046705
9162.17	0.01549217002
9153.169	-0.008709209753
9144.169	0.009083211478
9135.169	-0.006008086186
9126.169	-0.008751702848
9117.169	0.007915901166
9108.169	-0.01565464362
9099.168	-0.01475666454
9090.168	-0.02243947858
9081.168	0.01661480009
9072.168	0.009813405322
9063.168	0.01653200105
9054.168	0.005417869596
9045.167	0.01256420832
9036.167	0.003118555735
9027.167	0.03902022171
9018.167	0.009066651669
9009.167	0.02065101921
9000.167	-0.008742329371
8991.166	0.01997050479
8982.166	0.0118836939
8973.166	0.03149581943
8964.166	0.04083273968
8955.166	0.03133740767
8946.166	0.001851886568
8937.165	0.01119599315
8928.165	0.01500537413
8919.165	0.02512935398
8910.165	0.02511279417
8901.165	0.0238295652
8892.165	0.02624479772
8883.164	0.03705866547
8874.164	0.0160689513
8865.164	0.05211465637
8856.164	0.03698305275
8847.164	0.04054684864
8838.164	0.04459025408
8829.163	0.04936385337
8820.163	0.02159867771
8811.163	0.05667797733
8802.163	0.04828871558
8793.163	0.04286990864
8784.163	0.05473079375
8775.162	0.03872714434
8766.162	0.04692268756
8757.162	0.05140102233
8748.162	0.04556384588
8739.162	0.07383237724
8730.162	0.05995806931
8721.161	0.07436885256
8712.161	0.08913176609
8703.161	0.03506898879
8694.161	0.06744716484
8685.161	0.06759120393
8676.161	0.07138183795
8667.16	0.08630535038
8658.16	0.07041761964
8649.16	0.08254783598
8640.16	0.06914376414
8631.16	0.08034069464
8622.16	0.07197736618
8613.159	0.101436954
8604.159	0.06912501718
8595.159	0.05945471361
8586.159	0.07355585967
8577.159	0.09440872108
8568.159	0.125621774
8559.158	0.1004561759
8550.158	0.1026870634
8541.158	0.1017487783
8532.158	0.114313924
8523.158	0.1226772524
8514.158	0.1558777949
8505.157	0.1344365916
8496.157	0.09904765476
8487.157	0.1433198355
8478.157	0.1412732931
8469.157	0.1435466737
8460.157	0.1271130941
8451.156	0.1529404597
8442.156	0.1167882094
8433.156	0.1553413195
8424.156	0.1498137803
8415.156	0.1470464175
8406.156	0.1623695524
8397.155	0.1182723432
8388.155	0.1351927187
8379.155	0.2039096772
8370.155	0.1365256271
8361.155	0.1804716109
8352.155	0.1724532264
8343.154	0.1825534601
8334.154	0.1983893242
8325.154	0.1800604277
8316.154	0.1965696199
8307.154	0.1972407609
8298.154	0.1954376164
8289.153	0.1774774099
8280.153	0.1917038481
8271.153	0.2242591829
8262.153	0.1922568833
8253.153	0.2185544849
8244.153	0.2047392299
8235.152	0.2321025958
8226.152	0.232227888
8217.152	0.2539527952
8208.152	0.2072560084
8199.152	0.2028842188
8190.152	0.2400050617
8181.151	0.239827903
8172.151	0.2576109507
8163.151	0.228193856
8154.151	0.248652094
8145.151	0.2353826878
8136.151	0.2621245923
8127.15	0.2659058528
8118.15	0.2619143139
8109.15	0.2200479922
8100.15	0.2671394023
8091.15	0.2785984777
8082.15	0.282129154
8073.149	0.2764172697
8064.149	0.261243173
8055.149	0.280049492
8046.149	0.2816942247
8037.149	0.2637340182
8028.149	0.2344422156
8019.148	0.2699348856
8010.148	0.2620820992
8001.148	0.2756373964
7992.148	0.2526883131
7983.148	0.2572257008
7974.148	0.2837076475
7965.147	0.275301826
7956.147	0.2868696337
7947.147	0.2492310625
7938.147	0.2785912914
7929.147	0.2637765113
7920.147	0.2770387312
7911.146	0.2649178883
7902.146	0.2561930561
7893.146	0.2978750328
7884.146	0.2554887956
7875.146	0.2769465587
7866.146	0.2218439504
7857.145	0.2561268169
7848.145	0.2781210553
7839.145	0.2394923325
7830.145	0.2459769038
7821.145	0.240950533
7812.145	0.3161779961
7803.144	0.3001743467
7794.144	0.2993188607
7785.144	0.2305428493
7776.144	0.2951501631
7767.144	0.2700767375
7758.144	0.2512776049
7749.143	0.2760579531
7740.143	0.2611510005
7731.143	0.2535675453
7722.143	0.2894620249
7713.143	0.235264582
7704.143	0.2455491608
7695.142	0.2389889768
7686.142	0.2497178583
7677.142	0.250138415
7668.142	0.2756373964
7659.142	0.2363634659
7650.142	0.262200205
7641.141	0.2347612263
7632.141	0.2284113207
7623.141	0.2600521165
7614.141	0.1987083349
7605.141	0.2323625536
7596.141	0.2351464762
7587.14	0.2834476898
7578.14	0.2780620024
7569.14	0.211181308
7560.14	0.245716946
7551.14	0.2313133491
7542.14	0.2217848975
7533.139	0.2263647782
7524.139	0.2356167123
7515.139	0.2169356855
7506.139	0.2158202417
7497.139	0.2049495082
7488.139	0.2006720783
7479.138	0.2042286878
7470.138	0.2147969705
7461.138	0.250178721
7452.138	0.2299545074
7443.138	0.22067664
7434.138	0.2490467174
7425.137	0.2010573282
7416.137	0.2030873108
7407.137	0.191661355
7398.137	0.2119611813
7389.137	0.1922072038
7380.137	0.2137146464
7371.136	0.2036900254
7362.136	0.2043870996
7353.136	0.1990935848
7344.136	0.1664957569
7335.136	0.2102077162
7326.136	0.2056537688
7317.135	0.2152247135
7308.135	0.1807315686
7299.135	0.2191168935
7290.135	0.194513704
7281.135	0.1508939172
7272.135	0.1892886156
7263.134	0.1477484909
7254.134	0.1692724932
7245.134	0.1825275268
7236.134	0.1555234774
7227.134	0.1716049267
7218.134	0.1586689038
7209.133	0.1566742279
7200.133	0.1982971517
7191.133	0.2035978528
7182.133	0.1414410783
7173.133	0.1714371415
7164.133	0.2087401422
7155.132	0.1925665204
7146.132	0.1406777649
7137.132	0.2117933961
7128.132	0.1499462587
7119.132	0.1827615512
7110.132	0.159039781
7101.131	0.1572107033
7092.131	0.1472285754
7083.131	0.1605995276
7074.131	0.1928689713
7065.131	0.1770993464
7056.131	0.1562039919
7047.13	0.1643901616
7038.13	0.1656899504
7029.13	0.1804809843
7020.13	0.1622348868
7011.13	0.1338907428
7002.13	0.1386384088
6993.129	0.1547860973
6984.129	0.1496013148
6975.129	0.1467914589
6966.129	0.1178611601
6957.129	0.1363650282
6948.129	0.1627713622
6939.128	0.1450142477
6930.128	0.1487883219
6921.128	0.1533682027
6912.128	0.1229868896
6903.128	0.1483771387
6894.128	0.1367430917
6885.127	0.1629650807
6876.127	0.1100343069
6867.127	0.1308634222
6858.127	0.1574612875
6849.127	0.1195202655
6840.127	0.1350558659
6831.126	0.1323547424
6822.126	0.1163251597
6813.126	0.1504143077
6804.126	0.1318348268
6795.126	0.1350558659
6786.126	0.08841594491
6777.125	0.09982534088
6768.125	0.1552138403
6759.125	0.131818267
6750.125	0.1347887218
6741.125	0.1137680752
6732.125	0.1207703748
6723.124	0.06648075938
6714.124	0.09788753078
6705.124	0.142596828
6696.124	0.1325059678
6687.124	0.1002530839
6678.124	0.1118374514
6669.123	0.09741729469
6660.123	0.1013685276
6651.123	0.1070141727
6642.123	0.09658774199
6633.123	0.07873626786
6624.123	0.08121992676
6615.122	0.08924768475
6606.122	0.119713984
6597.122	0.1145976279
6588.122	0.07830852486
6579.122	0.0813452189
6570.122	0.0969895517
6561.121	0.1101336658
6552.121	0.068612288
6543.121	0.08016353593
6534.121	0.06586148501
6525.121	0.08041412021
6516.121	0.08315773687
6507.12	0.1076853136
6498.12	0.09289646682
6489.12	0.1186907128
6480.12	0.1056150251
6471.12	0.1105542224
6462.12	0.1020727882
6453.119	0.1072835039
6444.119	0.07479440841
6435.119	0.121039706
6426.119	0.09143607914
6417.119	0.1071394648
6408.119	0.1040696512
6399.118	0.09809780911
6390.118	0.09271930811
6381.118	0.06374651619
6372.118	0.08114431405
6363.118	0.09777879845
6354.118	0.07292283754
6345.117	0.11629204
6336.117	0.09954882332
6327.117	0.06804987939
6318.117	0.09033000887
6309.117	0.09549604439
6300.117	0.07929149013
6291.116	0.07870314824
6282.116	0.07475191531
6273.116	0.07118811943
6264.116	0.08674746604
6255.116	0.08256939497
6246.116	0.06742123155
6237.115	0.09529513954
6228.115	0.07152150276
6219.115	0.07144589004
6210.115	0.08782979016
6201.115	0.1045730069
6192.115	0.09065620587
6183.114	0.08816536063
6174.114	0.09891080199
6165.114	0.06655637209
6156.114	0.07032325997
6147.114	0.0899944384
6138.114	0.08538143802
6129.113	0.07923962356
6120.113	0.08902084661
6111.113	0.0998584605
6102.113	0.1045398873
6093.113	0.1030723132
6084.113	0.04320329197
6075.112	0.08929736418
6066.112	0.08494432155
6057.112	0.0548301526
6048.112	0.06445077675
6039.112	0.05800151225
6030.112	0.07076756277
6021.111	0.06305162911
6012.111	0.05166816642
6003.111	0.09988439379
5994.111	0.06437516404
5985.111	0.0439759789
5976.111	0.09816404834
5967.11	0.06731968555
5958.11	0.07870314824
5949.11	0.07777204954
5940.11	0.05885699824
5931.11	0.07093534801
5922.11	0.0847599765
5913.109	0.10072332
5904.109	0.07963424693
5895.109	0.08250315574
5886.109	0.1019309362
5877.109	0.08434879332
5868.109	0.07124498519
5859.108	0.09946383713
5850.108	0.0885009311
5841.108	0.08261407521
5832.108	0.1061421269
5823.108	0.08463468436
5814.108	0.09387005862
5805.107	0.08166422956
5796.107	0.07564270806
5787.107	0.08394698362
5778.107	0.111074138
5769.107	0.07425793309
5760.107	0.08294027221
5751.106	0.09330765001
5742.106	0.1095806306
5733.106	0.07793983478
5724.106	0.09651212928
5715.106	0.08639533576
5706.106	0.09243560421
5697.105	0.1073331834
5688.105	0.1157130716
5679.105	0.1054544262
5670.105	0.08787228325
5661.105	0.09611031957
5652.105	0.09914701361
5643.104	0.1002034044
5634.104	0.08179889518
5625.104	0.08885306138
5616.104	0.1234974317
5607.104	0.1052607076
5598.104	0.07084317548
5589.103	0.1129457088
5580.103	0.1216942872
5571.103	0.1243788509
5562.103	0.07138902428
5553.103	0.1052700811
5544.103	0.09688081937
5535.102	0.1175327759
5526.102	0.07938366265
5517.102	0.1119886768
5508.102	0.1296133128
5499.102	0.1285050554
5490.102	0.08839219877
5481.101	0.09678864684
5472.101	0.06401584742
5463.101	0.111686226
5454.101	0.1063192856
5445.101	0.1009832777
5436.101	0.073889243
5427.1	0.1285050554
5418.1	0.110646395
5409.1	0.1458438004
5400.1	0.101864697
5391.1	0.1178683464
5382.1	0.09138639971
5373.099	0.1064114581
5364.099	0.1015788059
5355.099	0.1036512817
5346.099	0.1166701036
5337.099	0.0841550748
5328.099	0.1319860523
5319.098	0.1082477222
5310.098	0.1205529102
5301.098	0.09550541787
5292.098	0.09823247472
5283.098	0.1408361766
5274.098	0.1237833227
5265.097	0.1129104021
5256.097	0.1218455126
5247.097	0.09033938235
5238.097	0.1015291265
5229.097	0.08657249447
5220.097	0.1046155
5211.096	0.102904528
5202.096	0.09575818929
5193.096	0.1176012023
5184.096	0.1012266757
5175.096	0.1011604364
5166.096	0.1196643046
5157.095	0.1476822516
5148.095	0.1502912027
5139.095	0.1009335983
5130.095	0.1034763101
5121.095	0.1342853661
5112.095	0.1336070389
5103.094	0.1170481672
5094.094	0.1239086149
5085.094	0.1173578044
5076.094	0.1374236062
5067.094	0.1144651494
5058.094	0.1227269319
5049.093	0.1177193081
5040.093	0.1236320973
5031.093	0.1245466362
5022.093	0.1215358754
5013.093	0.1293202355
5004.093	0.1454088711
4995.092	0.1375488983
4986.092	0.1728644095
4977.092	0.1360647645
4968.092	0.1403918738
4959.092	0.1600889855
4950.092	0.141618237
4941.091	0.1391770712
4932.091	0.1126195118
4923.091	0.1665310637
4914.091	0.1541502631
4905.091	0.1124754727
4896.091	0.1476160124
4887.09	0.1762791671
4878.09	0.1673440566
4869.09	0.1467511529
4860.09	0.1822510092
4851.09	0.1255461612
4842.09	0.1689225501
4833.089	0.1553931861
4824.089	0.1251515379
4815.089	0.1365184408
4806.089	0.1484052591
4797.089	0.136258483
4788.089	0.159996813
4779.088	0.1616581056
4770.088	0.1611806831
4761.088	0.1465171285
4752.088	0.1557949958
4743.088	0.1148100934
4734.088	0.1547126717
4725.087	0.165190969
4716.087	0.1435394873
4707.087	0.1742254384
4698.087	0.1456544562
4689.087	0.1402687688
4680.087	0.1466186745
4671.086	0.168655406
4662.086	0.1725641458
4653.086	0.1705766563
4644.086	0.1697377301
4635.086	0.144144389
4626.086	0.1758701711
4617.085	0.1701064202
4608.085	0.1890380313
4599.085	0.1623314336
4590.085	0.1639833527
4581.085	0.1575247147
4572.085	0.1902550211
4563.084	0.2116393586
4554.084	0.1785122418
4545.084	0.176113569
4536.084	0.2282054166
4527.084	0.1799395098
4518.084	0.1707963081
4509.083	0.2092147526
4500.083	0.1788053191
4491.083	0.1791596366
4482.083	0.1847037356
4473.083	0.1734974317
4464.083	0.1795283266
4455.082	0.1793533551
4446.082	0.1563358454
4437.082	0.2049798158
4428.082	0.2041243298
4419.082	0.2051310412
4410.082	0.189335483
4401.081	0.1753690025
4392.081	0.1786490945
4383.081	0.1757376926
4374.081	0.1771059078
4365.081	0.2077659255
4356.081	0.20178471
4347.08	0.1706803894
4338.08	0.19279992
4329.08	0.2005605339
4320.08	0.2014750728
4311.08	0.2083024009
4302.08	0.2017515904
4293.079	0.207917151
4284.079	0.2090916476
4275.079	0.2407749366
4266.079	0.1681067452
4257.079	0.2036562809
4248.079	0.1840016622
4239.078	0.2268084561
4230.078	0.2037318936
4221.078	0.1907130716
4212.078	0.1995466362
4203.078	0.2210375189
4194.078	0.2149806906
4185.077	0.2161811206
4176.077	0.2214652619
4167.077	0.1991779461
4158.077	0.2197542899
4149.077	0.1674024846
4140.077	0.2123645533
4131.076	0.2319010661
4122.076	0.214092085
4113.076	0.2357341932
4104.076	0.1944468399
4095.076	0.2151744092
4086.076	0.2116271731
4077.075	0.232815605
4068.075	0.2406330846
4059.075	0.2505655331
4050.075	0.253987477
4041.075	0.2514210191
4032.075	0.260446115
4023.074	0.2534250684
4014.074	0.2216849137
4005.074	0.2298379638
3996.074	0.2050007499
3987.074	0.2054450527
3978.074	0.232144464
3969.073	0.2450711134
3960.073	0.1993716646
3951.073	0.2405502856
3942.073	0.2234383788
3933.073	0.2496769275
3924.073	0.2143282967
3915.072	0.2289731044
3906.072	0.1977197455
3897.072	0.2130450677
3888.072	0.2518156425
3879.072	0.2246884881
3870.072	0.2456666417
3861.071	0.2711937435
3852.071	0.2273471186
3843.071	0.2231949808
3834.071	0.1959166011
3825.071	0.2595834427
3816.071	0.2455082299
3807.07	0.2312817917
3798.07	0.2385296764
3789.07	0.2267775237
3780.07	0.2339829153
3771.07	0.2263404072
3762.07	0.2144629623
3753.069	0.2300907353
3744.069	0.2372039544
3735.069	0.222994076
3726.069	0.236667479
3717.069	0.2149922513
3708.069	0.2354008099
3699.068	0.2321041581
3690.068	0.2483771387
3681.068	0.2417838351
3672.068	0.2262907278
3663.068	0.2047501656
3654.068	0.2361806831
3645.067	0.2356442078
3636.067	0.2327918588
3627.067	0.224990939
3618.067	0.2415238774
3609.067	0.2211318786
3600.067	0.2582836539
3591.066	0.2504236812
3582.066	0.2674434154
3573.066	0.2352495844
3564.066	0.2371873945
3555.066	0.2385037431
3546.066	0.2258133053
3537.065	0.2230200092
3528.065	0.2441918813
3519.065	0.2634425031
3510.065	0.2295708197
3501.065	0.2673346831
3492.065	0.2571257171
3483.064	0.2856045268
3474.064	0.2496438079
3465.064	0.2149497582
3456.064	0.2253265094
3447.064	0.2553225726
3438.064	0.2664626373
3429.063	0.2631659855
3420.063	0.2684501269
3411.063	0.2174996563
3402.063	0.2282616575
3393.063	0.2515650582
3384.063	0.2538715584
3375.062	0.253578481
3366.062	0.2542827416
3357.062	0.2541149563
3348.062	0.2479328359
3339.062	0.2412639196
3330.062	0.2451136065
3321.061	0.2475807056
3312.061	0.264357042
3303.061	0.2593162986
3294.061	0.2427905465
3285.061	0.2336898379
3276.061	0.2438728707
3267.06	0.2411551873
3258.06	0.2533847625
3249.06	0.2306272106
3240.06	0.2408952295
3231.06	0.2512885406
3222.06	0.2556322098
3213.059	0.2283797633
3204.059	0.2292518091
3195.059	0.2535691075
3186.059	0.2273896117
3177.059	0.2361806831
3168.059	0.2605735943
3159.058	0.2445771312
3150.058	0.2514728857
3141.058	0.2527892342
3132.058	0.2328084186
3123.058	0.2245207029
3114.058	0.2656733906
3105.057	0.240987402
3096.057	0.2087841976
3087.057	0.2509176634
3078.057	0.2195296389
3069.057	0.2281860448
3060.057	0.2381019334
3051.056	0.2554147451
3042.056	0.2231949808
3033.056	0.2280607526
3024.056	0.2125510854
3015.056	0.2429583318
3006.056	0.2376151375
2997.055	0.2222732556
2988.055	0.2336898379
2979.055	0.232590954
2970.055	0.2424218564
2961.055	0.2503646282
2952.055	0.2357529401
2943.054	0.2305019184
2934.054	0.2436294727
2925.054	0.2381091198
2916.054	0.2101430393
2907.054	0.2482259133
2898.054	0.241842888
2889.053	0.2504496144
2880.053	0.2205197905
2871.053	0.2195130791
2862.053	0.1988611226
2853.053	0.2332952145
2844.053	0.2463471561
2835.052	0.218716646
2826.052	0.229067464
2817.052	0.2186575931
2808.052	0.2501471636
2799.052	0.1948933298
2790.052	0.2621758339
2781.051	0.2472782548
2772.051	0.2242110657
2763.051	0.2095309512
2754.051	0.2175421494
2745.051	0.2085998525
2736.051	0.2270281079
2727.05	0.2006808269
2718.05	0.216963181
2709.05	0.1957063227
2700.05	0.2079877645
2691.05	0.2113175359
2682.05	0.2077018734
2673.049	0.2026611301
2664.049	0.2222142027
2655.049	0.2289327984
2646.049	0.2102777049
2637.049	0.1991045205
2628.049	0.224218252
2619.048	0.1979631435
2610.048	0.2375985777
2601.048	0.1993054254
2592.048	0.2175846425
2583.048	0.1874445403
2574.048	0.227926087
2565.047	0.1989367353
2556.047	0.1897769737
2547.047	0.1986602177
2538.047	0.1785778561
2529.047	0.1876713784
2520.047	0.1814136453
2511.046	0.1744257183
2502.046	0.1901456638
2493.046	0.1690990839
2484.046	0.1774624124
2475.046	0.1833420819
2466.046	0.1982065414
2457.045	0.1704838589
2448.045	0.1561724345
2439.045	0.1861944309
2430.045	0.1933832627
2421.045	0.1764225813
2412.045	0.1700301826
2403.044	0.1798538987
2394.044	0.1838454376
2385.044	0.1840391561
2376.044	0.1937944459
2367.044	0.1881653606
2358.044	0.1935179283
2349.043	0.1718592604
2340.043	0.1727313062
2331.043	0.181572057
2322.043	0.1564583255
2313.043	0.1715402497
2304.043	0.1671281542
2295.042	0.1655849674
2286.042	0.1759026658
2277.042	0.1802557084
2268.042	0.1717080349
2259.042	0.1944159074
2250.042	0.1902212765
2241.041	0.1494538388
2232.041	0.1906324597
2223.041	0.1574815967
2214.041	0.1612391111
2205.041	0.187520153
2196.041	0.1955644708
2187.04	0.1696614925
2178.04	0.1792821167
2169.04	0.1708100559
2160.04	0.1511223176
2151.04	0.1610050867
2142.04	0.163864622
2133.039	0.1534972442
2124.039	0.1762879157
2115.039	0.1699214503
2106.039	0.1807165711
2097.039	0.1871255296
2088.039	0.1492601202
2079.038	0.1685697949
2070.038	0.1683026508
2061.038	0.1820847862
2052.038	0.1613737768
2043.038	0.1918731956
2034.038	0.1485983528
2025.037	0.1875626461
2016.037	0.1470882857
2007.037	0.1734190069
1998.037	0.1605773437
1989.037	0.1498981416
1980.037	0.1403271968
1971.036	0.165249397
1962.036	0.1445549473
1953.036	0.1596793646
1944.036	0.1547473536
1935.036	0.1384649994
1926.036	0.1494703986
1917.035	0.1581527377
1908.035	0.156080262
1899.035	0.1649138265
1890.035	0.1689312987
1881.035	0.1500659268
1872.035	0.1748369015
1863.034	0.1686807144
1854.034	0.1782847787
1845.034	0.1666672916
1836.034	0.148766138
1827.034	0.145729444
1818.034	0.1658780448
1809.033	0.1659536575
1800.033	0.1470882857
1791.033	0.1517862722
1782.033	0.1538824941
1773.033	0.1606104633
1764.033	0.1800051242
1755.032	0.186522815
1746.032	0.1298345269
1737.032	0.1206157124
1728.032	0.1460412683
1719.032	0.1472913777
1710.032	0.1381978553
1701.031	0.1401356655
1692.031	0.13533832
1683.031	0.1649988127
1674.031	0.1442474973
1665.031	0.1468470749
1656.031	0.1606457701
1647.03	0.165024746
1638.03	0.124375414
1629.03	0.1680448802
1620.03	0.1402797045
1611.03	0.1364631372
1602.03	0.1489951633
1593.029	0.1678864684
1584.029	0.1426452576
1575.029	0.1521499631
1566.029	0.1446421207
1557.029	0.1583486433
1548.029	0.1604045593
1539.028	0.1322282004
1530.028	0.1682220389
1521.028	0.1476456951
1512.028	0.1553213228
1503.028	0.1326393836
1494.028	0.1544823966
1485.027	0.1450036244
1476.027	0.1479647057
1467.027	0.1500206216
1458.027	0.1434604377
1449.027	0.1627204329
1440.027	0.1586604677
1431.026	0.1370774124
1422.026	0.1546005024
1413.026	0.1474707235
1404.026	0.1807893717
1395.026	0.1643982853
1386.026	0.1659674053
1377.025	0.1592394361
1368.025	0.1666291728
1359.025	0.1390908352
1350.025	0.1394264057
1341.025	0.1693893492
1332.025	0.1575284641
1323.024	0.1658161799
1314.024	0.1668560109
1305.024	0.1488720583
1296.024	0.1476219489
1287.024	0.1391498881
1278.024	0.1514219564
1269.023	0.1381266169
1260.023	0.1599530701
1251.023	0.1741795083
1242.023	0.1350899229
1233.023	0.1288746829
1224.023	0.134461275
1215.022	0.1458778573
1206.022	0.1242688688
1197.022	0.1471776461
1188.022	0.1353333208
1179.022	0.1523199355
1170.022	0.1661942434
1161.021	0.171461825
1152.021	0.1244957069
1143.021	0.1478653469
1134.021	0.1546689288
1125.021	0.1540309075
1116.021	0.1486711534
1107.02	0.1498622099
1098.02	0.1483190232
1089.02	0.1479834527
1080.02	0.1333717646
1071.02	0.127390549
1062.02	0.1433870121
1053.019	0.1524214815
1044.019	0.1139439841
1035.019	0.1372214515
1026.019	0.1169475585
1017.019	0.1366093635
1008.019	0.1204285554
999.018	0.1386393461
990.018	0.1378594728
981.018	0.1549217002
972.018	0.1309896517
963.018	0.1204285554
954.018	0.1282885281
945.017	0.1189019284
936.017	0.1209153513
927.017	0.129387412
918.017	0.1223663655
909.017	0.1454594878
900.017	0.1279954507
891.016	0.1320885356
882.016	0.1185332383
873.016	0.1165032557
864.016	0.1446040018
855.016	0.1513225976
846.016	0.1255542849
837.015	0.1143811006
828.015	0.1303941235
819.015	0.1309730919
810.015	0.1266531689
801.015	0.1214943197
792.015	0.1137855723
783.014	0.1396719908
774.014	0.141123005
765.014	0.1441762589
756.014	0.1527829853
747.014	0.1222410733
738.014	0.1419619312
729.013	0.1305453489
720.013	0.1418531989
711.013	0.1386818392
702.013	0.1358554235
693.013	0.1381453639
684.013	0.144587442
675.012	0.1572541337
666.012	0.1469529951
657.012	0.1553494432
648.012	0.1469529951
639.012	0.1672693812
630.012	0.1585539225
621.011	0.1597449789
612.011	0.1384053216
603.011	0.1436563433
594.011	0.1411820579
585.011	0.122316686
576.011	0.152858598
567.01	0.162781673
558.01	0.1554841088
549.01	0.1343287966
540.01	0.1362075538
531.01	0.1483874495
522.01	0.1528751578
513.009	0.1522205767
504.009	0.124271056
495.009	0.1205301014
486.009	0.1177202455
477.009	0.1204379288
468.009	0.1133247097
459.008	0.08768168923
450.008	0.1027470536
441.008	0.08716177371
432.008	0.07504093085
423.008	0.05922881282
414.008	0.06716439829
405.007	0.0605710947
396.007	0.04930573782
387.007	0.04897016735
378.007	0.03068376389
369.007	0.03617818355
360.007	0.02338619974
351.006	0.02634728107
342.006	0.01923406196
333.006	0.0199052029
324.006	0.01186088511
315.006	0.01202867034
306.006	0.01033425818
297.005	0.007968705085
288.005	0.001694412158
279.005	0.00009217252197
270.005	0.004319923013
261.005	0.002289940385
252.005	0.001526626923
243.004	0.001694412158
234.004	0.0007633134616
225.004	0.002625510854
216.004	0.001862197393
207.004	0.0009310986965
198.004	-0.0001677852349
189.003	0
180.003	-0.0001677852349
171.003	0.0007633134616
162.003	0
153.003	0
144.003	-0.0001677852349
135.002	-0.0001677852349
126.002	0
117.002	-0.0001677852349
108.002	-0.0001677852349
99.002	0
90.002	0
81.001	0
72.001	-0.0001677852349
63.001	0
54.001	0
45.001	-0.0001677852349
36.001	0
27	0
18	0
9	0
0	-0.0001677852349
	0
	0
	0
	0
	0
	0
	0
	0
	0
	0
	0
	0
	0
	0
	0
	0
	0
	0
	0
	0
	0
	0
	0
	0
	0
	0
	0
	0
	0
	0
	0
	0
	0
	0
	0
	0
	0
	0
	0
	0
	0
	0
	0
	0
	0
	0
	0
	0
	0
	0
	0
	0
	0
	0
	0
	0
	0
	0
	0
	0
	0
	0
	0
	0
	0
	0
	0
	0
	0
	0
	0
	0
	0
	0
	0
	0
	0
	0
	0
	0
	0
	0
	0
	0
	0
	0
	0
	0
	0
	0
	0
	0
	0
	0
	0
	0
	0
	0
	0
	0
	0
	0
	0
	0
	0
	0
	0
	0
	0
	0
	0
	0
	0
	0
	0
	0
	0
	0
	0
	0
	0
	0
	0
	0
	0
	0
	0
	0
	0
	0
	0
	0
	0
	0
	0
	0
	0
	0
	0
	0
	0
	0
	0
	0
	0
	0
	0
	0
	0
	0
	0
	0
	0
	0
	0
	0
	0
	0
	0
	0
	0
	0
	0
	0
	0
	0
	0
	0
	0
	0
	0
	0
	0
	0
	0
	0
	0
	0
	0
	0
	0
	0
	0
	0
	0
	0
	0
	0
	0
	0
	0
	0
	0
	0
	0
	0
	0
	0
	0
	0
	0
	0
	0
	0
	0
	0
	0
	0
	0
	0
	0
	0
	0
	0
	0
	0
	0
	0
	0
	0
	0
	0
	0
	0
	0
	0
	0
	0
	0
	0
	0
	0
	0
	0
	0
	0
	0
	0
	0
	0
	0
	0
	0
	0
	0
	0
	0
	0
	0
	0
	0
	0
	0
	0
	0
	0
	0
	0
	0
	0
	0
	0
	0
	0
	0
	0
	0
	0
	0
	0
	0
	0
	0
	0
	0
	0
	0
	0
	0
	0
	0
	0
	0
	0
	0
	0
	0
	0
	0
	0
	0
	0
	0
	0
	0
	0
	0
	0
	0
	0
	0
	0
	0
	0
	0
	0
	0
	0
	0
	0
	0
	0
	0
	0
	0
	0
	0
	0
	0
	0
	0
	0
	0
	0
	0
	0
	0
	0
	0
	0
	0
	0
	0
	0
	0
	0
	0
	0
	0
	0
	0
	0
	0
	0
	0
	0
	0
	0
	0
	0
	0
	0
	0
	0
	0
	0
	0
	0
	0
	0
	0
	0
	0
	0
	0
	0
	0
	0
	0
	0
	0
	0
	0
	0
	0
	0
	0
	0
	0
	0
	0
	0
	0
	0
	0
	0
	0
	0
	0
	0
	0
	0
	0
	0
	0
	0
	0
	0
	0
	0
	0
	0
	0
	0
	0
	0
	0
	0
	0
	0
	0
	0
	0
	0
	0
	0
	0
	0
	0
	0
	0
	0
	0
	0
	0
	0
	0
	0
	0
	0
	0
	0
	0
	0
	0
	0
	0
	0
	0
	0
	0
	0
	0
	0
	0
	0
	0
	0
	0
	0
	0
	0
	0
	0
	0
	0
	0
	0
	0
	0
	0
	0
	0
	0
	0
	0
	0
	0
	0
	0
	0
	0
	0
	0
	0
	0
	0
	0
	0
	0
	0
	0
	0
	0
	0
	0
	0
	0
	0
	0
	0
	0
	0
	0
	0
	0
	0
	0
	0
	0
	0
	0
	0
	0
	0
	0
	0
	0
	0
	0
	0
	0
	0
	0
	0
	0
	0
	0
	0
	0
	0
	0
	0
	0
	0
	0
	0
	0
	0
	0
	0
	0
	0
	0
	0
	0
	0
	0
	0
	0
	0
	0
	0
	0
	0
	0
	0
	0
	0
	0
	0
	0
	0
	0
	0
	0
	0
	0
	0
	0
	0
	0
	0
	0
	0
	0
	0
	0
	0
	0
	0
	0
	0
	0
	0
	0
	0
	0
	0
	0
	0
	0
	0
	0
	0
	0
	0
	0
	0
	0
	0
	0
	0
	0
	0
	0
	0
	0
	0
	0
	0
	0
	0
	0
	0
	0
	0
	0
	0
	0
	0
	0
	0
	0
	0
	0
	0
	0
	0
	0
	0
	0
	0
	0
	0
	0
	0
	0
	0
	0
	0
	0
	0
	0
	0
	0
	0
	0
	0
	0
	0
	0
	0
	0
	0
	0
	0
	0
	0
	0
	0
	0
	0
	0
	0
	0
	0
	0
	0
	0
	0
	0
	0
	0
	0
	0
	0
	0
	0
	0
	0
	0
	0
	0
	0
	0
	0
	0
	0
	0
	0
	0
	0
	0
	0
	0
	0
	0
	0
	0
	0
	0
	0
	0
	0
	0
	0
	0
	0
	0
	0
	0
	0
	0
	0
	0
	0
	0
	0
	0
	0
	0
	0
	0
	0
	0
	0
	0
	0
	0
	0
	0
	0
	0
	0
	0
	0
	0
	0
	0
	0
	0
	0
	0
	0
	0
	0
	0
	0
	0
	0
	0
	0
	0
	0
	0
	0
	0
	0
	0
	0
	0
	0
	0
	0
	0
	0
	0
	0
	0
	0
	0
	0
	0
	0
	0
	0
	0
	0
	0
	0
	0
	0
	0
	0
	0
	0
	0
	0
	0
	0
	0
	0
	0
	0
	0
	0
	0
	0
	0
	0
	0
	0
	0
	0
	0
	0
	0
	0
	0
	0
	0
	0
	0
	0
	0
	0
	0
	0
	0
	0
	0
	0
	0
	0
	0
	0
	0
	0
	0
	0
	
	
	
	
	
	
	
	
	
	
	
	
	
	
	
	
	
	
	
	
	
	
	
	
	
	
	
	
	
	
	
	
	
	
	
	
	
	
	
	
	
	
	
	
	
	
	
	
	
	
	
	
	
	
	
	
	
	
	
	
	
	
	
	
	
	
	
	
	
	
	
	
	
	
	
	
	
	
	
	
	
	
	
	
	
	
	
	
	
	
	
	
	
	
	
	
	
	
	
	
	
	
	
	
	
	
	
	
	
	
	
	
	
	
	
	
	
	
	
	
	
	
	
	
	
	
	
	
	
	
	
	
	
	
	
	
	
	
	
	
	
	
	
	
	
	
	
	
	
	
	
	
	
	
	
	
	
	
	
	
	
	
	
	
	
	
	
	
	
	
	
	
	
	
	
	
	
	
	
	
	
	
	
	
	
	
	
	
	
	
	
	
	
	
	
	
	
	
	
	
	
	
	
	
	
	
	
	
	
	
	
	
	
	
	
	
	
	
	
	
	
	
	
	
	
	
	
	
	
	
	
	
	
	
	
	
	
	
	
	
	
	
	
	
	
	
	
	
	
	
	
	
	
	
	
	
	
	
	
	
	
	
	
	
	
	
	
	
	
	
	
	
	
	
	
	
	
	
	
	
	
	
	
	
	
	
	
	
	
	
	
	
	
	
	
	
	
	
	
	
	
	
	
	
	
	
	
	
	
	
	
	
	
	
	
	
	
	
	
	
	
	
	
	
	
	
	
	
	
	
	
	
	
	
	
	
	
	
	
	
	
	
	
	
	
	
	
	
	
	
	
	
	
	
	
	
	
	
	
	
	
	
	
	
	
	
	
	
	
	
	
	
	
	
	
	
	
	
	
	
	
	
	
	
	
	
	
	
	
	
	
	
	
	
	
	
	
	
	
	
	
	
	
	
	
	
	
	
	
	
	
	
	
	
	
	
	
	
	
	
	
	
	
	
	
	
	
	
	
	
	
	
	
	
	
	
	
	
	
	
	
	
	
	
	
	
	
	
	
	
	
	
	
	
	
	
	
	
	
	
	
	
	
	
	
	
	
	
	
	
	
	
	
	
	
	
	
	
	
	
	
	
	
	
	
	
	
	
	
	
	
	
	
	
	
	
	
	
	
	
	
	
	
	
	
	
	
	
	
	
	
	
	
	
	
	
	
	
	
	
	
	
	
	
	
	
	
	
	
	
	
	
	
	
	
	
	
	
	
	
	
	
	
	
	
	
	
	
	
	
	
	
	
	
	
	
	
	
	
	
	
	
	
	
	
	
	
	
	
	
	
	
	
	
	
	
	
	
	
	
	
	
	
	
	
	
	
	
	
	
	
	
	
	
	
	
	
	
	
	
	
	
	
	
	
	
	
	
	
	
	
	
	
	
	
	
	
	
	
	
	
	
	
	
	
	
	
	
	
	
	
	
	
	
	
	
	
	
	
	
	
	
	
	
	
	
	
	
	
	
	
	
	
	
	
	
	
	
	
	
	
	
	
	
	
	
	
	
	
	
	
	
	
	
	
	
	
	
	
	
	
	
	
	
	
	
	
	
	
	
	
	
	
	
	
	
	
	
	
	
	
	
	
	
	
	
	
	
	
	
	
	
	
	
	
	
	
	
	
	
	
	
	
	
	
	
	
	
	
	
	
	
	
	
	
	
	
	
	
	
	
	
	
	
	
	
	
	
	
	
	
	
	
	
	
	
	
	
	
	
	
	
	
	
	
	
	
	
	
	
	
	
	
	
	
	
	
	
	
	
	
	
	
	
	
	
	
	
	
	
	
	
	
	
	
	
	
	
	
	
	
	
	
	
	
	
	
	
	
	
	
	
	
	
	
	
	
	
	
	
	
	
	
	
	
	
	
	
	
	
	
	
	
	
	
	
	
	
	
	
	
	
	
	
	
	
	
	
	
	
	
	
	
	
	
	
	
	
	
	
	
	
	
	
	
	
	
	
	
	
	
	
	
	
	
	
	
	
	
	
	
	
	
	
	
	
	
	
	
	
	
	
	
	
	
	
	
	
	
	
	
	
	
	
	
	
	
	
	
	
	
	
	
	
	
	
	
	
	
	
	
	
	
	
	
	
	
	
	
	
	
	
	
	
	
	
	
	
	
	
	
	
	
	
	
	
	
	
	
	
	
	
	
	
	
	
	
	
	
	
	
	
	
	
	
	
	
	
	
	
	
	
	
	
	
	
	
	
	
	
	
	
	
	
	
	
	
	
	
	
	
	
	
	
	
	
	
	
	
	
	
	
	
	
	
	
	
	
	
	
	
	
	
	
	
	
	
	
	
	
	
	
	
	
	
	
	
	
	
	
	
	
	
	
	
	
	
	
	
	
	
	
	
	
	
	
	
	
	
	
	
	
	
	
	
	
	
	
	
	
	
	
	
	
	
	
	
	
	
	
	
	
	
	
	
	
	
	
	
	
	
	
	
	
	
	
	
	
	
	
	
	
	
	
	
	
	
	
	
	
	
	
	
	
	
	
	
	
	
	
	
	
	
	
	
	
	
	
	
	
	
	
	
	
	
	
	
	
	
	
	
	
	
	
	
	
	
	
	
	
	
	
	
	
	
	
	
	
	
	
	
	
	
	
	
	
	
	
	
	
	
	
	
	
	
	
	
	
	
	
	
	
	
	
	
	
	
	
	
	
	
	
	
	
	
	
	
	
	
	
	
	
	
	
	
	
	
	
	
	
	
	
	
	
	
	
	
	
	
	
	
	
	
	
	
	
	
	
	
	
	
	
	
	
	
	
	
	
	
	
	
	
	
	
	
	
	
	
	
	
	
	
	
	
	
	
	
	
	
	
	
	
	
	
	
	
	
	
	
	
	
	
	
	
	
	
	
	
	
	
	
	
	
	
	
	
	
	
	
	
	
	
	
	
	
	
	
	
	
	
	
	
	
	
	
	
	
	
	
	
	
	
	
	
	
	
	
	
	
	
	
	
	
	
	
	
	
	
	
	
	
	
	
	
	
	
	
	
	
	
	
	
	
	
	
	
	
	
	
	
	
	
	
	
	
	
	
	
	
	
	
	
	
	
	
	
	
	
	
	
	
	
	
	
	
	
	
	
	
	
	
	
	
	
	
	
	
	
	
	
	
	
	
	
	
	
	
	
	
	
	
	
	
	
	
	
	
	
	
	
	
	
	
	
	
	
	
	
	
	
	
	
	
	
	
	
	
	
	
	
	
	
	
	
	
	
	
	
	
	
	
	
	
	
	
	
	
	
	
	
	
	
	
	
	
	
	
	
	
	
	
	
	
	
	
	
	
	
	
	
	
	
	
	
	
	
	
	
	
	
	
	
	
	
	
	
	
	
	
	
	
	
	
	
	
	
	
	
	
	
	
	
	
	
	
	
	
	
	
	
	
	
	
	
	
	
	
	
	
	
	
	
	
	
	
	
	
	
	
	
	
	
	
	
	
	
	
	
	
	
	
	
	
	
	
	
	
	
	
	
	
	
	
	
	
	
	
	
	
	
	
	
	
	
	
	
	
	
	
	
	
	
	
	
	
	
	
	
	
	
	
	
	
	
	
	
	
	
	
	
	
	
	
	
	
	
	
	
	
	
	
	
	
	
	
	
	
	
	
	
	
	
	
	
	
	
	
	
	
	
	
	
	
	
	
	
	
	
	
	
	
	
	
	
	
	
	
	
	
	
	
	
	
	
	
	
	
	
	
	
	
	
	
	
	
	
	
	
	
	
	
	
	
	
	
	
	
	
	
	
	
	
	
	
	
	
	
	
	
	
	
	
	
	
	
	
	
	
	
	
	
	
	
	
	
	
	
	
	
	
	
	
	
	
	
	
	
	
	
	
	
	
	
	
	
	
	
	
	
	
	
	
	
	
	
	
	
	
	
	
	
	
	
	
	
	
	
	
	
	
	
	
	
	
	
	
	
	
	
	
	
	
	
	
	
	
	
	
	
	
	
	
	
	
	
	
	
	
	
	
	
	
	
	
	
	
	
	
	
	
	
	
	
	
	
	
	
	
	
	
	
	
	
	
	
	
	
	
	
	
	
	
	
	
	
	
	
	
	
	
	
	
	
	
	
	
	
	
	
	
	
	
	
	
	
	
	
	
	
	
	
	
	
	
	
	
	
	
	
	
	
	
	
	
	
	
	
	
	
	
	
	
	
	
	
	
	
	
	
	
	
	
	
	
	
	
	
	
	
	
	
	
	
	
	
	
	
	
	
	
	
	
	
	
	
	
	
	
	
	
	
	
	
	
	
	
	
	
	
	
	
	
	
	
	
	
	
	
	
	
	
	
	
	
	
	
	
	
	
	
	
	
	
	
	
	
	
	
	
	
	
	
	
	
	
	
	
	
	
	
	
	
	
	
	
	
	
	
	
	
	
	
	
	
	
	
	
	
	
	
	
	
	
	
	
	
	
	
	
	
	
	
	
	
	
	
	
	
	
	
	
	
	
	
	
	
	
	
	
	
	
	
	
	
	
	
	
	
	
	
	
	
	
	
	
	
	
	
	
	
	
	
	
	
	
	
	
	
	
	
	
	
	
	
	
	
	
	
	
	
	
	
	
	
	
	
	
	
	
	
	
	
	
	
	
	
	
	
	
	
	
	
	
	
	
	
	
	
	
	
	
	
	
	
	
	
	
	
	
	
	
	
	
	
	
	
	
	
	
	
	
	
	
	
	
	
	
	
	
	
	
	
	
	
	
	
	
	
	
	
	
	
	
	
	
	
	
	
	
	
	
	
	
	
	
	
	
	
	
	
	
	
	
	
	
	
	
	
	
	
	
	
	
	
	
	
	
	
	
	
	
	
	
	
	
	
	
	
	
	
	
	
	
	
	
	
	
	
	
	
	
	
	
	
	
	
	
	
	
	
	
	
	
	
	
	
	
	
	
	
	
	
	
	
	
	
	
	
	
	
	
	
	
	
	
	
	
	
	
	
	
	
	
	
	
	
	
	
	
	
	
	
	
	
	
	
	
	
	
	
	
	
	
	
	
	
	
	
	
	
	
	
	
	
	
	
	
	
	
	
	
	
	
	
	
	
	
	
	
	
	
	
	
	
	
	
	
	
	
	
	
	
	
	
	
	
	
	
	
	
	
	
	
	
	
	
	
	
	
	
	
	
	
	
	
	
	
	
	
	
	
	
	
	
	
	
	
	
	
	
	
	
	
	
	
	
	
	
	
	
	
	
	
	
	
	
	
	
	
	
	
	
	
	
	
	
	
	
	
	
	
	
	
	
	
	
	
	
	
	
	
	
	
	
	
	
	
	
	
	
	
	
	
	
	
	
	
	
	
	
	
	
	
	
	
	
	
	
	
	
	
	
	
	
	
	
	
	
	
	
	
	
	
	
	
	
	
	
	
	
	
	
	
	
	
	
	
	
	
	
	
	
	
	
	
	
	
	
	
	
	
	
	
	
	
	
	
	
	
	
	
	
	
	
	
	
	
	
	
	
	
	
	
	
	
	
	
	
	
	
	
	
	
	
	
	
	
	
	
	
	
	
	
	
	
	
	
	
	
	
	
	
	
	
	
	
	
	
	
	
	
	
	
	
	
	
	
	
	
	
	
	
	
	
	
	
	
	
	
	
	
	
	
	
	
	
	
	
	
	
	
	
	
	
	
	
	
	
	
	
	
	
	
	
	
	
	
	
	
	
	
	
	
	
	
	
	
	
	
	
	
	
	
	
	
	
	
	
	
	
	
	
	
	
	
	
	
	
	
	
	
	
	
	
	
	
	
	
	
	
	
	
	
	
	
	
	
	
	
	
	
	
	
	
	
	
	
	
	
	
	
	
	
	
	
	
	
	
	
	
	
	
	
	
	
	
	
	
	
	
	
	
	
	
	
	
	
	
	
	
	
	
	
	
	
	
	
	
	
	
	
	
	
	
	
	
	
	
	
	
	
	
	
	
	
	
	
	
	
	
	
	
	
	
	
	
	
	
	
	
	
	
	
	
	
	
	
	
	
	
	
	
	
	
	
	
	
	
	
	
	
	
	
	
	
	
	
	
	
	
	
	
	
	
	
	
	
	
	
	
	
	
	
	
	
	
	
	
	
	
	
	
	
	
	
	
	
	
	
	
	
	
	
	
	
	
	
	
	
	
	
	
	
	
	
	
	
	
	
	
	
	
	
	
	
	
	
	
	
	
	
	
	
	
	
	
	
	
	
	
	
	
	
	
	
	
	
	
	
	
	
	
	
	
	
	
	
	
	
	
	
	
	
	
	
	
	
	
	
	
	
	
	
	
	
	
	
	
	
	
	
	
	
	
	
	
	
	
	
	
	
	
	
	
	
	
	
	
	
	
	
	
	
	
	
	
	
	
	
	
	
	
	
	
	
	
	
	
	
	
	
	
	
	
	
	
	
	
	
	
	
	
	
	
	
	
	
	
	
	
	
	
	
	
	
	
	
	
	
	
	
	
	
	
	
	
	
	
	
	
	
	
	
	
	
	
	
	
	
	
	
	
	
	
	
	
	
	
	
	
	
	
	
	
	
	
	
	
	
	
	
	
	
	
	
	
	
	
	
	
	
	
	
	
	
	
	
	
	
	
	
	
	
	
	
	
	
	
	
	
	
	
	
	
	
	
	
	
	
	
	
	
	
	
	
	
	
	
	
	
	
	
	
	
	
	
	
	
	
	
	
	
	
	
	
	
	
	
	
	
	
	
	
	
	
	
	
	
	
	
	
	
	
	
	
	
	
	
	
	
	
	
	
	
	
	
	
	
	
	
	
	
	
	
	
	
	
	
	
	
	
	
	
	
	
	
	
	
	
	
	
	
	
	
	
	
	
	
	
	
	
	
	
	
	
	
	
	
	
	
	
	
	
	
	
	
	
	
	
	
	
	
	
	
	
	
	
	
	
	
	
	
	
	
	
	
	
	
	
	
	
	
	
	
	
	
	
	
	
	
	
	
	
	
	
	
	
	
	
	
	
	
	
	
	
	
	
	
	
	
	
	
	
	
	
	
	
	
	
	
	
	
	
	
	
	
	
	
	
	
	
	
	
	
	
	
	
	
	
	
	
	
	
	
	
	
	
	
	
	
	
	
	
	
	
	
	
	
	
	
	
	
	
	
	
	
	
	
	
	
	
	
	
	
	
	
	
	
	
	
	
	
	
	
	
	
	
	
	
	
	
	
	
	
	
	
	
	
	
	
	
	
	
	
	
	
	
	
	
	
	
	
	
	
	
	
	
	
	
	
	
	
	
	
	
	
	
	
	
	
	
	
	
	
	
	
	
	
	
	
	
	
	
	
	
	
	
	
	
	
	
	
	
	
	
	
	
	
	
	
	
	
	
	
	
	
	
	
	
	
	
	
	
	
	
	
	
	
	
	
	
	
	
	
	
	
	
	
	
	
	
	
	
	
	
	
	
	
	
	
	
	
	
	
	
	
	
	
	
	
	
	
	
	
	
	
	
	
	
	
	
	
	
	
	
	
	
	
	
	
	
	
	
	
	
	
	
	
	
	
	
	
	
	
	
	
	
	
	
	
	
	
	
	
	
	
	
	
	
	
	
	
	
	
	
	
	
	
	
	
	
	
	
	
	
	
	
	
	
	
	
	
	
	
	
	
	
	
	
	
	
	
	
	
	
	
	
	
	
	
	
	
	
	
	
	
	
	
	
	
	
	
	
	
	
	
	
	
	
	
	
	
	
	
	
	
	
	
	
	
	
	
	
	
	
	
	
	
	
	
	
	
	
	
	
	
	
	
	
	
	
	
	
	
	
	
	
	
	
	
	
	
	
	
	
	
	
	
	
	
	
	
	
	
	
	
	
	
	
	
	
	
	
	
	
	
	
	
	
	
	
	
	
	
	
	
	
	
	
	
	
	
	
	
	
	
	
	
	
	
	
	
	
	
	
	
	
	
	
	
	
	
	
	
	
	
	
	
	
	
	
	
	
	
	
	
	
	
	
	
	
	
	
	
	
	
	
	
	
	
	
	
	
	
	
	
	
	
	
	
	
	
	
	
	
	
	
	
	
	
	
	
	
	
	
	
	
	
	
	
	
	
	
	
	
	
	
	
	
	
	
	
	
	
	
	
	
	
	
	
	
	
	
	
	
	
	
	
	
	
	
	
	
	
	
	
	
	
	
	
	
	
	
	
	
	
	
	
	
	
	
	
	
	
	
	
	
	
	
	
	
	
	
	
	
	
	
	
	
	
	
	
	
	
	
	
	
	
	
	
	
	
	
	
	
	
	
	
	
	
	
	
	
	
	
	
	
	
	
	
	
	
	
	
	
	
	
	
	
	
	
	
	
	
	
	
	
	
	
	
	
	
	
	
	
	
	
	
	
	
	
	
	
	
	
	
	
	
	
	
	
	
	
	
	
	
	
	
	
	
	
	
	
	
	
	
	
	
	
	
	
	
	
	
	
	
	
	
	
	
	
	
	
	
	
	
	
	
	
	
	
	
	
	
	
	
	
	
	
	
	
	
	
	
	
	
	
	
	
	
	
	
	
	
	
	
	
	
	
	
	
	
	
	
	
	
	
	
	
	
	
	
	
	
	
	
	
	
	
	
	
	
	
	
	
	
	
	
	
	
	
	
	
	
	
	
	
	
	
	
	
	
	
	
	
	
	
	
	
	
	
	
	
	
	
	
	
	
	
	
	
	
	
	
	
	
	
	
	
	
	
	
	
	
	
	
	
	
	
	
	
	
	
	
	
	
	
	
	
	
	
	
	
	
	
	
	
	
	
	
	
	
	
	
	
	
	
	
	
	
	
	
	
	
	
	
	
	
	
	
	
	
	
	
	
	
	
	
	
	
	
	
	
	
	
	
	
	
	
	
	
	
	
	
	
	
	
	
	
	
	
	
	
	
	
	
	
	
	
	
	
	
	
	
	
	
	
	
	
	
	
	
	
	
	
	
	
	
	
	
	
	
	
	
	
	
	
	
	
	
	
	
	
	
	
	
	
	
	
	
	
	
	
	
	
	
	
	
	
	
	
	
	
	
	
	
	
	
	
	
	
	
	
	
	
	
	
	
	
	
	
	
	
	
	
	
	
	
	
	
	
	
	
	
	
	
	
	
	
	
	
	
	
	
	
	
	
	
	
	
	
	
	
	
	
	
	
	
	
	
	
	
	
	
	
	
	
	
	
	
	
	
	
	
	
	
	
	
	
	
	
	
	
	
	
	
	
	
	
	
	
	
	
	
	
	
	
	
	
	
	
	
	
	
	
	
	
	
	
	
	
	
	
	
	
	
	
	
	
	
	
	
	
	
	
	
	
	
	
	
	
	
	
	
	
	
	
	
	
	
	
	
	
	
	
	
	
	
	
	
	
	
	
	
	
	
	
	
	
	
	
	
	
	
	
	
	
	
	
	
	
	
	
	
	
	
	
	
	
	
	
	
	
	
	
	
	
	
	
	
	
	
	
	
	
	
	
	
	
	
	
	
	
	
	
	
	
	
	
	
	
	
	
	
	
	
	
	
	
	
	
	
	
	
	
	
	
	
	
	
	
	
	
	
	
	
	
	
	
	
	
	
	
	
	
	
	
	
	
	
	
	
	
	
	
	
	
	
	
	
	
	
	
	
	
	
	
	
	
	
	
	
	
	
	
	
	
	
	
	
	
	
	
	
	
	
	
	
	
	
	
	
	
	
	
	
	
	
	
	
	
	
	
	
	
	
	
	
	
	
	
	
	
	
	
	
	
	
	
	
	
	
	
	
	
	
	
	
	
	
	
	
	
	
	
	
	
	
	
	
	
	
	
	
	
	
	
	
	
	
	
	
	
	
	
	
	
	
	
	
	
	
	
	
	
	
	
	
	
	
	
	
	
	
	
	
	
	
	
	
	
	
	
	
	
	
	
	
	
	
	
	
	
	
	
	
	
	
	
	
	
	
	
	
	
	
	
	
	
	
	
	
	
	
	
	
	
	
	
	
	
	
	
	
	
	
	
	
	
	
	
	
	
	
	
	
	
	
	
	
	
	
	
	
	
	
	
	
	
	
	
	
	
	
	
	
	
	
	
	
	
	
	
	
	
	
	
	
	
	
	
	
	
	
	
	
	
	
	
	
	
	
	
	
	
	
	
	
	
	
	
	
	
	
	
	
	
	
	
	
	
	
	
	
	
	
	
	
	
	
	
	
	
	
	
	
	
	
	
	
	
	
	
	
	
	
	
	
	
	
	
	
	
	
	
	
	
	
	
	
	
	
	
	
	
	
	
	
	
	
	
	
	
	
	
	
	
	
	
	
	
	
	
	
	
	
	
	
	
	
	
	
	
	
	
	
	
	
	
	
	
	
	
	
	
	
	
	
	
	
	
	
	
	
	
	
	
	
	
	
	
	
	
	
	
	
	
	
	
	
	
	
	
	
	
	
	
	
	
	
	
	
	
	
	
	
	
	
	
	
	
	
	
	
	
	
	
	
	
	
	
	
	
	
	
	
	
	
	
	
	
	
	
	
	
	
	
	
	
	
	
	
	
	
	
	
	
	
	
	
	
	
	
	
	
	
	
	
	
	
	
	
	
	
	
	
	
	
	
	
	
	
	
	
	
	
	
	
	
	
	
	
	
	
	
	
	
	
	
	
	
	
	
	
	
	
	
	
	
	
	
	
	
	
	
	
	
	
	
	
	
	
	
	
	
	
	
	
	
	
	
	
	
	
	
	
	
	
	
	
	
	
	
	
	
	
	
	
	
	
	
	
	
	
	
	
	
	
	
	
	
	
	
	
	
	
	
	
	
	
	
	
	
	
	
	
	
	
	
	
	
	
	
	
	
	
	
	
	
	
	
	
	
	
	
	
	
	
	
	
	
	
	
	
	
	
	
	
	
	
	
	
	
	
	
	
	
	
	
	
	
	
	
	
	
	
	
	
	
	
	
	
	
	
	
	
	
	
	
	
	
	
	
	
	
	
	
	
	
	
	
	
	
	
	
	
	
	
	
	
	
	
	
	
	
	
	
	
	
	
	
	
	
	
	
	
	
	
	
	
	
	
	
	
	
	
	
	
	
	
	
	
	
	
	
	
	
	
	
	
	
	
	
	
	
	
	
	
	
	
	
	
	
	
	
	
	
	
	
	
	
	
	
	
	
	
	
	
	
	
	
	
	
	
	
	
	
	
	
	
	
	
	
	
	
	
	
	
	
	
	
	
	
	
	
	
	
	
	
	
	
	
	
	
	
	
	
	
	
	
	
	
	
	
	
	
	
	
	
	
	
	
	
	
	
	
	
	
	
	
	
	
	
	
	
	
	
	
	
	
	
	
	
	
	
	
	
	
	
	
	
	
	
	
	
	
	
	
	
	
	
	
	
	
	
	
	
	
	
	
	
	
	
	
	
	
	
	
	
	
	
	
	
	
	
	
	
	
	
	
	
	
	
	
	
	
	
	
	
	
	
	
	
	
	
	
	
	
	
	
	
	
	
	
	
	
	
	
	
	
	
	
	
	
	
	
	
	
	
	
	
	
	
	
	
	
	
	
	
	
	
	
	
	
	
	
	
	
	
	
	
	
	
	
	
	
	
	
	
	
	
	
	
	
	
	
	
	
	
	
	
	
	
	
	
	
	
	
	
	
	
	
	
	
	
	
	
	
	
	
	
	
	
	
	
	
	
	
	
	
	
	
	
	
	
	
	
	
	
	
	
	
	
	
	
	
	
	
	
	
	
	
	
	
	
	
	
	
	
	
	
	
	
	
	
	
	
	
	
	
	
	
	
	
	
	
	
	
	
	
	
	
	
	
	
	
	
	
	
	
	
	
	
	
	
	
	
	
	
	
	
	
	
	
	
	
	
	
	
	
	
	
	
	
	
	
	
	
	
	
	
	
	
	
	
	
	
	
	
	
	
	
	
	
	
	
	
	
	
	
	
	
	
	
	
	
	
	
	
	
	
	
	
	
	
	
	
	
	
	
	
	
	
	
	
	
	
	
	
	
	
	
	
	
	
	
	
	
	
	
	
	
	
	
	
	
	
	
	
	
	
	
	
	
	
	
	
	
	
	
	
	
	
	
	
	
	
	
	
	
	
	
	
	
	
	
	
	
	
	
	
	
	
	
	
	
	
	
	
	
	
	
	
	
	
	
	
	
	
	
	
	
	
	
	
	
	
	
	
	
	
	
	
	
	
	
	
	
	
	
	
	
	
	
	
	
	
	
	
	
	
	
	
	
	
	
	
	
	
	
	
	
	
	
	
	
	
	
	
	
	
	
	
	
	
	
	
	
	
	
	
	
	
	
	
	
	
	
	
	
	
	
	
	
	
	
	
	
	
	
	
	
	
	
	
	
	
	
	
	
	
	
	
	
	
	
	
	
	
	
	
	
	
	
	
	
	
	
	
	
	
	
	
	
	
	
	
	
	
	
	
	
	
	
	
	
	
	
	
	
	
	
	
	
	
	
	
	
	
	
	
	
	
	
	
	
	
	
	
	
	
	
	
	
	
	
	
	
	
	
	
	
	
	
	
	
	
	
	
	
	
	
	
	
	
	
	
	
	
	
	
	
	
	
	
	
	
	
	
	
	
	
	
	
	
	
	
	
	
	
	
	
	
	
	
	
	
	
	
	
	
	
	
	
	
	
	
	
	
	
	
	
	
	
	
	
	
	
	
	
	
	
	
	
	
	
	
	
	
	
	
	
	
	
	
	
	
	
	
	
	
	
	
	
	
	
	
	
	
	
	
	
	
	
	
	
	
	
	
	
	
	
	
	
	
	
	
	
	
	
	
	
	
	
	
	
	
	
	
	
	
	
	
	
	
	
	
	
	
	
	
	
	
	
	
	
	
	
	
	
	
	
	
	
	
	
	
	
	
	
	
	
	
	
	
	
	
	
	
	
	
	
	
	
	
	
	
	
	
	
	
	
	
	
	
	
	
	
	
	
	
	
	
	
	
	
	
	
	
	
	
	
	
	
	
	
	
	
	
	
	
	
	
	
	
	
	
	
	
	
	
	
	
	
	
	
	
	
	
	
	
	
	
	
	
	
	
	
	
	
	
	
	
	
	
	
	
	
	
	
	
	
	
	
	
	
	
	
	
	
	
	
	
	
	
	
	
	
	
	
	
	
	
	
	
	
	
	
	
	
	
	
	
	
	
	
	
	
	
	
	
	
	
	
	
	
	
	
	
	
	
	
	
	
	
	
	
	
	
	
	
	
	
	
	
	
	
	
	
	
	
	
	
	
	
	
	
	
	
	
	
	
	
	
	
	
	
	
	
	
	
	
	
	
	
	
	
	
	
	
	
	
	
	
	
	
	
	
	
	
	
	
	
	
	
	
	
	
	
	
	
	
	
	
	
	
	
	
	
	
	
	
	
	
	
	
	
	
	
	
	
	
	
	
	
	
	
	
	
	
	
	
	
	
	
	
	
	
	
	
	
	
	
	
	
	
	
	
	
	
	
	
	
	
	
	
	
	
	
	
	
	
	
	
	
	
	
	
	
	
	
	
	
	
	
	
	
	
	
	
	
	
	
	
	
	
	
	
	
	
	
	
	
	
	
	
	
	
	
	
	
	
	
	
	
	
	
	
	
	
